New control log.
Raw c time,robot_local_time,global time,data size,frequency,received_sequence_number,latency,x,y,z,dx,dy,dz,pitch,roll,yaw,dpitch,droll,dyaw,setx,sety,setz,u_roll,u_pitch,u_z,u_yaw,int_x,int_y,int_z,count_delta,voltage,error,P_term_pos_x,I_term_pos_x,D_term_pos_x,desired_velocity_x,error_pos_x,error_pos_y,error_pos_z
52.136847000,0.000365000,0.229858,43,72.306580,1836,0.0003,-0.114,2.496,0.869,-0.011,0.026,-0.005,-0.023,0.003,0.054,0.127,0.018,-0.048,-0.061,2.901,1.062,1500,1500,900,1500,0.000,0.000,0.000,1,81,1,0.000,0.000,0.000,0.000,0.000,0.000,0.000
52.137085000,0.000603000,0.239990,43,98.202888,1837,-0.0099,-0.114,2.496,0.869,-0.008,0.027,-0.002,-0.021,0.006,0.051,0.146,0.096,-0.111,-0.061,2.901,1.062,1500,1500,900,1500,0.000,0.000,0.000,1,81,1,0.000,0.000,0.000,0.000,0.000,0.000,0.000
52.154610000,0.018128000,0.250000,43,4310.344727,1838,0.0075,-0.114,2.496,0.869,-0.008,0.026,0.002,-0.018,0.011,0.047,0.194,0.192,-0.195,-0.061,2.901,1.062,1500,1500,900,1500,0.000,0.000,0.000,1,81,1,0.000,0.000,0.000,0.000,0.000,0.000,0.000
52.161793000,0.025311000,0.260010,43,57.071110,1839,-0.0028,-0.114,2.497,0.869,-0.003,0.026,0.004,-0.015,0.012,0.044,0.217,0.165,-0.221,-0.061,2.901,1.062,1500,1500,900,1500,0.000,0.000,0.000,1,81,1,0.000,0.000,0.000,0.000,0.000,0.000,0.000
52.169085000,0.032603000,0.269897,43,139.333984,1840,-0.0026,-0.114,2.497,0.869,0.005,0.030,0.005,-0.013,0.011,0.043,0.200,0.093,-0.187,-0.061,2.901,1.062,1500,1500,900,1500,0.000,0.000,0.000,1,81,1,0.000,0.000,0.000,0.000,0.000,0.000,0.000
52.178517000,0.042035000,0.279175,43,137.249527,1841,0.0001,-0.114,2.497,0.870,0.004,0.034,0.011,-0.016,0.011,0.043,0.092,0.076,-0.131,-0.114,2.495,0.969,1506,1497,950,1505,-0.000,-0.002,0.124,1,81,0,-0.000,-0.000,-0.004,-0.005,-0.000,-0.002,0.099
52.185083000,0.048601000,0.289795,43,106.112053,1842,-0.0041,-0.114,2.498,0.870,0.012,0.034,0.013,-0.016,0.010,0.044,0.069,0.034,-0.086,-0.114,2.495,0.969,1506,1494,1000,1506,-0.001,-0.004,0.248,1,81,0,-0.000,-0.000,-0.012,-0.012,-0.001,-0.002,0.099
52.195175000,0.058693000,0.299683,43,152.485519,1843,0.0002,-0.113,2.498,0.870,0.018,0.034,0.013,-0.015,0.009,0.044,0.060,0.002,-0.050,-0.114,2.495,0.969,1506,1490,1050,1506,-0.002,-0.007,0.372,1,81,0,-0.001,-0.000,-0.018,-0.019,-0.001,-0.003,0.099
52.204036000,0.067554000,0.309326,43,99.176834,1844,-0.0008,-0.113,2.498,0.870,0.023,0.034,0.013,-0.017,0.007,0.045,0.008,-0.037,-0.027,-0.114,2.495,0.969,1506,1488,1100,1506,-0.004,-0.010,0.495,1,81,0,-0.001,-0.000,-0.023,-0.024,-0.001,-0.003,0.099
52.214683000,0.078201000,0.318604,43,112.943306,1845,0.0014,-0.112,2.499,0.870,0.031,0.037,0.015,-0.016,0.006,0.044,0.010,-0.075,-0.050,-0.114,2.495,0.969,1507,1484,1150,1506,-0.006,-0.013,0.619,1,81,0,-0.001,-0.000,-0.031,-0.032,-0.002,-0.003,0.099
52.228563000,0.092081000,0.329956,43,93.993797,1846,0.0025,-0.112,2.499,0.871,0.029,0.035,0.019,-0.019,0.005,0.041,-0.056,-0.064,-0.089,-0.114,2.495,0.969,1507,1485,1200,1505,-0.008,-0.017,0.742,1,81,0,-0.001,-0.000,-0.029,-0.030,-0.002,-0.004,0.098
52.234611000,0.098129000,0.339966,43,72.087662,1847,-0.0040,-0.112,2.499,0.871,0.031,0.031,0.026,-0.024,0.003,0.039,-0.165,-0.104,-0.126,-0.114,2.495,0.969,1506,1484,1250,1505,-0.010,-0.021,0.864,1,81,0,-0.001,-0.000,-0.031,-0.033,-0.003,-0.004,0.098
52.244400000,0.107918000,0.349976,43,165.508102,1848,-0.0002,-0.111,2.500,0.871,0.036,0.034,0.022,-0.020,0.003,0.036,-0.025,-0.089,-0.175,-0.114,2.495,0.969,1507,1481,1300,1504,-0.013,-0.025,0.986,1,81,0,-0.002,-0.000,-0.036,-0.037,-0.003,-0.004,0.098
52.254784000,0.118302000,0.359619,43,102.239037,1849,0.0007,-0.111,2.500,0.872,0.035,0.032,0.024,-0.020,0.002,0.034,-0.012,-0.075,-0.176,-0.114,2.495,0.969,1506,1482,1350,1504,-0.017,-0.030,1.108,1,81,0,-0.002,-0.000,-0.035,-0.037,-0.003,-0.005,0.097
52.264733000,0.128251000,0.368896,43,96.357681,1850,0.0007,-0.111,2.500,0.872,0.031,0.028,0.029,-0.023,0.003,0.034,-0.098,-0.045,-0.135,-0.114,2.495,0.969,1506,1484,1400,1504,-0.020,-0.034,1.229,1,81,0,-0.002,-0.000,-0.031,-0.032,-0.004,-0.005,0.097
52.275676000,0.139194000,0.380005,43,100.593498,1851,-0.0002,-0.111,2.500,0.872,0.028,0.026,0.028,-0.026,0.003,0.034,-0.134,-0.021,-0.096,-0.114,2.495,0.969,1505,1485,1450,1504,-0.024,-0.039,1.350,1,81,0,-0.002,-0.000,-0.028,-0.030,-0.004,-0.005,0.097
52.287114000,0.150632000,0.389648,43,91.441109,1852,0.0018,-0.110,2.501,0.873,0.030,0.027,0.027,-0.026,0.004,0.034,-0.101,-0.004,-0.077,-0.114,2.495,0.969,1506,1484,1500,1504,-0.028,-0.045,1.471,1,81,0,-0.002,-0.000,-0.030,-0.032,-0.004,-0.005,0.097
52.294552000,0.158070000,0.400391,43,87.496719,1853,-0.0033,-0.109,2.501,0.872,0.040,0.031,0.020,-0.019,0.002,0.033,0.098,-0.052,-0.085,-0.114,2.495,0.969,1506,1479,1550,1504,-0.033,-0.050,1.592,1,81,0,-0.002,-0.000,-0.040,-0.042,-0.005,-0.006,0.097
52.305214000,0.168732000,0.410034,43,134.553284,1854,0.0010,-0.109,2.502,0.873,0.039,0.032,0.016,-0.015,0.001,0.033,0.172,-0.062,-0.056,-0.114,2.495,0.969,1507,1479,1600,1504,-0.039,-0.056,1.712,1,81,0,-0.003,-0.000,-0.039,-0.042,-0.005,-0.006,0.097
52.314767000,0.178285000,0.420166,43,93.861458,1855,-0.0006,-0.109,2.502,0.873,0.036,0.031,0.016,-0.013,0.001,0.032,0.169,-0.040,-0.071,-0.114,2.495,0.969,1507,1481,1650,1504,-0.044,-0.063,1.833,1,81,0,-0.003,-0.000,-0.036,-0.039,-0.006,-0.006,0.096
52.330567000,0.194085000,0.429443,43,104.766891,1856,0.0065,-0.109,2.502,0.873,0.035,0.028,0.019,-0.011,0.001,0.031,0.177,-0.025,-0.070,-0.114,2.495,0.969,1506,1481,1700,1504,-0.050,-0.069,1.953,1,81,0,-0.003,-0.000,-0.035,-0.038,-0.006,-0.007,0.096
52.339777000,0.203295000,0.437622,43,63.311176,1857,0.0010,-0.108,2.502,0.873,0.033,0.027,0.020,-0.011,0.001,0.031,0.155,-0.036,-0.067,-0.114,2.495,0.969,1506,1482,1750,1504,-0.056,-0.076,2.073,1,81,0,-0.003,-0.000,-0.033,-0.036,-0.006,-0.007,0.096
52.345546000,0.209064000,0.449951,43,108.660217,1858,-0.0066,-0.108,2.502,0.873,0.027,0.024,0.021,-0.010,0.001,0.031,0.132,-0.031,-0.048,-0.114,2.495,0.969,1505,1485,1800,1504,-0.062,-0.083,2.192,1,81,0,-0.003,-0.000,-0.027,-0.030,-0.006,-0.007,0.096
52.355642000,0.219160000,0.459839,43,173.520737,1859,0.0002,-0.108,2.502,0.874,0.030,0.020,0.018,-0.005,0.001,0.030,0.231,-0.013,-0.067,-0.114,2.495,0.969,1505,1483,1850,1504,-0.069,-0.090,2.312,1,81,0,-0.003,-0.000,-0.030,-0.034,-0.007,-0.007,0.095
52.369750000,0.233268000,0.469727,43,99.127678,1860,0.0042,-0.107,2.503,0.874,0.033,0.018,0.018,-0.000,0.001,0.029,0.287,-0.008,-0.067,-0.114,2.495,0.969,1504,1482,1858,1504,-0.076,-0.097,2.431,1,81,0,-0.003,-0.000,-0.033,-0.037,-0.007,-0.007,0.095
52.374288000,0.237806000,0.479980,43,70.916954,1861,-0.0057,-0.107,2.503,0.874,0.036,0.017,0.016,0.006,0.001,0.029,0.371,-0.015,-0.045,-0.114,2.495,0.969,1504,1480,1859,1504,-0.083,-0.104,2.550,1,81,0,-0.004,-0.000,-0.036,-0.040,-0.007,-0.007,0.095
52.385967000,0.249485000,0.489990,43,220.604462,1862,0.0017,-0.107,2.503,0.874,0.035,0.015,0.016,0.008,0.002,0.031,0.314,0.017,0.017,-0.114,2.495,0.969,1504,1481,1859,1504,-0.091,-0.111,2.669,1,81,0,-0.004,-0.000,-0.035,-0.039,-0.008,-0.007,0.095
52.395531000,0.259049000,0.499878,43,85.682465,1863,-0.0003,-0.106,2.503,0.874,0.033,0.016,0.016,0.008,0.002,0.031,0.241,0.008,0.010,-0.114,2.495,0.969,1504,1482,1859,1504,-0.099,-0.119,2.787,1,81,0,-0.004,-0.000,-0.033,-0.038,-0.008,-0.008,0.095
52.404336000,0.267854000,0.510132,43,104.646294,1864,-0.0015,-0.106,2.503,0.874,0.034,0.015,0.016,0.008,0.000,0.031,0.185,-0.025,0.013,-0.114,2.495,0.969,1504,1482,1858,1504,-0.107,-0.126,2.906,1,81,0,-0.004,-0.000,-0.034,-0.038,-0.008,-0.008,0.095
52.419322000,0.282840000,0.519897,43,113.675117,1865,0.0052,-0.106,2.503,0.875,0.035,0.014,0.017,0.008,-0.002,0.031,0.141,-0.067,0.008,-0.114,2.495,0.969,1504,1481,1859,1504,-0.116,-0.134,3.024,1,81,0,-0.004,-0.000,-0.035,-0.039,-0.009,-0.008,0.095
52.432419000,0.295937000,0.530029,43,66.764587,1866,0.0030,-0.105,2.503,0.875,0.033,0.010,0.019,0.006,-0.002,0.033,0.042,-0.069,0.043,-0.114,2.495,0.969,1503,1482,1858,1504,-0.125,-0.142,3.142,1,81,0,-0.005,-0.000,-0.033,-0.038,-0.009,-0.008,0.094
52.442443000,0.305961000,0.540039,43,76.388359,1867,0.0000,-0.105,2.503,0.875,0.033,0.009,0.021,0.004,-0.002,0.033,-0.017,-0.051,0.026,-0.114,2.495,0.969,1503,1482,1857,1504,-0.134,-0.150,3.259,1,81,0,-0.005,-0.000,-0.033,-0.038,-0.009,-0.008,0.094
52.446843000,0.310361000,0.550537,43,99.830292,1868,-0.0061,-0.104,2.504,0.875,0.040,0.014,0.016,0.009,-0.004,0.030,0.114,-0.072,-0.049,-0.114,2.495,0.969,1504,1478,1858,1504,-0.144,-0.158,3.377,1,81,0,-0.005,-0.000,-0.040,-0.045,-0.010,-0.008,0.094
52.457887000,0.321405000,0.559937,43,227.531281,1869,0.0016,-0.104,2.504,0.875,0.042,0.014,0.015,0.010,-0.004,0.030,0.102,-0.059,-0.027,-0.114,2.495,0.969,1504,1477,1858,1504,-0.155,-0.166,3.494,1,81,0,-0.005,-0.000,-0.042,-0.047,-0.010,-0.008,0.094
52.463434000,0.326952000,0.568848,43,90.596123,1870,-0.0034,-0.103,2.504,0.875,0.045,0.018,0.018,0.008,-0.004,0.030,0.039,-0.060,-0.026,-0.114,2.495,0.969,1505,1476,1857,1504,-0.166,-0.175,3.611,1,81,0,-0.005,-0.000,-0.045,-0.050,-0.011,-0.008,0.094
52.476369000,0.339887000,0.579468,43,180.505417,1871,0.0023,-0.103,2.504,0.876,0.042,0.018,0.020,0.007,-0.004,0.030,0.002,-0.036,-0.015,-0.114,2.495,0.969,1505,1477,1856,1504,-0.177,-0.183,3.728,1,81,0,-0.006,-0.000,-0.042,-0.047,-0.011,-0.009,0.093
52.486232000,0.349750000,0.589844,43,77.363457,1872,-0.0005,-0.103,2.504,0.876,0.040,0.018,0.023,0.006,-0.005,0.030,-0.037,-0.054,-0.021,-0.114,2.495,0.969,1505,1478,1855,1504,-0.189,-0.192,3.844,1,81,0,-0.006,-0.000,-0.040,-0.046,-0.012,-0.009,0.093
52.496586000,0.360104000,0.599976,43,101.471336,1873,0.0002,-0.102,2.505,0.876,0.037,0.019,0.024,0.004,-0.005,0.030,-0.065,-0.039,-0.011,-0.114,2.495,0.969,1505,1479,1854,1504,-0.201,-0.201,3.960,1,81,0,-0.006,-0.000,-0.037,-0.044,-0.012,-0.009,0.093
52.505518000,0.369036000,0.609985,43,96.646370,1874,-0.0011,-0.102,2.505,0.877,0.037,0.018,0.026,0.003,-0.005,0.029,-0.076,-0.035,-0.030,-0.114,2.495,0.969,1505,1480,1854,1504,-0.213,-0.210,4.076,1,81,0,-0.006,-0.000,-0.037,-0.043,-0.012,-0.009,0.092
52.518488000,0.382006000,0.619873,43,112.044815,1875,0.0031,-0.102,2.505,0.877,0.037,0.017,0.028,0.002,-0.006,0.028,-0.084,-0.046,-0.060,-0.114,2.495,0.969,1504,1479,1853,1503,-0.225,-0.220,4.191,1,81,0,-0.006,-0.000,-0.037,-0.043,-0.013,-0.009,0.092
52.534481000,0.397999000,0.629761,43,77.130737,1876,0.0061,-0.101,2.505,0.877,0.037,0.016,0.029,0.002,-0.007,0.026,-0.072,-0.050,-0.093,-0.114,2.495,0.969,1504,1479,1852,1503,-0.238,-0.229,4.306,1,81,0,-0.007,-0.000,-0.037,-0.043,-0.013,-0.009,0.092
52.540886000,0.404404000,0.640015,43,62.554737,1877,-0.0039,-0.101,2.505,0.878,0.037,0.016,0.030,0.003,-0.009,0.024,-0.027,-0.095,-0.118,-0.114,2.495,0.969,1504,1479,1851,1503,-0.252,-0.239,4.420,1,81,0,-0.007,-0.000,-0.037,-0.044,-0.013,-0.010,0.091
52.548314000,0.411832000,0.649902,43,156.323273,1878,-0.0025,-0.101,2.505,0.878,0.037,0.017,0.030,0.004,-0.011,0.022,0.024,-0.106,-0.121,-0.114,2.495,0.969,1505,1479,1851,1502,-0.266,-0.249,4.534,1,81,0,-0.007,-0.000,-0.037,-0.044,-0.014,-0.010,0.091
52.558500000,0.422018000,0.660034,43,134.734573,1879,-0.0000,-0.100,2.505,0.878,0.035,0.018,0.031,0.006,-0.011,0.021,0.065,-0.093,-0.131,-0.114,2.495,0.969,1505,1480,1851,1502,-0.280,-0.259,4.648,1,81,0,-0.007,-0.000,-0.035,-0.042,-0.014,-0.010,0.091
52.570290000,0.433808000,0.670044,43,98.823997,1880,0.0018,-0.100,2.506,0.879,0.027,0.016,0.034,0.002,-0.009,0.020,-0.056,-0.016,-0.118,-0.114,2.495,0.969,1504,1484,1849,1502,-0.294,-0.269,4.761,1,81,0,-0.007,-0.000,-0.027,-0.035,-0.014,-0.010,0.090
52.574610000,0.438128000,0.679932,43,84.882439,1881,-0.0056,-0.100,2.506,0.879,0.030,0.016,0.032,0.005,-0.010,0.019,0.041,-0.046,-0.111,-0.114,2.495,0.969,1505,1482,1849,1502,-0.308,-0.279,4.873,1,81,0,-0.007,-0.000,-0.030,-0.038,-0.014,-0.010,0.090
52.587283000,0.450801000,0.690063,43,231.749710,1882,0.0025,-0.100,2.506,0.879,0.029,0.017,0.033,0.006,-0.011,0.019,0.059,-0.051,-0.086,-0.114,2.495,0.969,1505,1483,1849,1502,-0.323,-0.290,4.986,1,81,0,-0.007,-0.000,-0.029,-0.037,-0.015,-0.011,0.090
52.594526000,0.458044000,0.699951,43,78.945290,1883,-0.0027,-0.099,2.506,0.880,0.027,0.017,0.033,0.006,-0.011,0.018,0.025,-0.044,-0.079,-0.114,2.495,0.969,1505,1484,1849,1502,-0.338,-0.300,5.097,1,81,0,-0.007,-0.000,-0.027,-0.035,-0.015,-0.011,0.089
52.606421000,0.469939000,0.710205,43,138.216995,1884,0.0016,-0.099,2.506,0.880,0.024,0.015,0.032,0.005,-0.010,0.018,-0.004,-0.014,-0.066,-0.114,2.495,0.969,1504,1486,1849,1502,-0.353,-0.311,5.209,1,81,0,-0.008,-0.000,-0.024,-0.032,-0.015,-0.011,0.089
52.616901000,0.480419000,0.719482,43,84.132591,1885,0.0012,-0.099,2.506,0.880,0.018,0.012,0.036,0.001,-0.010,0.018,-0.102,0.009,-0.057,-0.114,2.495,0.969,1504,1488,1847,1502,-0.368,-0.322,5.320,1,81,0,-0.008,-0.000,-0.018,-0.026,-0.015,-0.011,0.089
52.637075000,0.500593000,0.729980,43,95.501862,1886,0.0097,-0.099,2.506,0.881,0.018,0.012,0.034,0.003,-0.010,0.017,-0.037,0.006,-0.068,-0.114,2.495,0.969,1504,1488,1847,1502,-0.383,-0.333,5.430,1,81,0,-0.008,-0.000,-0.018,-0.026,-0.015,-0.011,0.088
52.646521000,0.510039000,0.739990,43,49.581039,1887,-0.0006,-0.099,2.506,0.881,0.018,0.012,0.032,0.003,-0.010,0.017,-0.012,-0.001,-0.048,-0.114,2.495,0.969,1504,1489,1848,1502,-0.399,-0.344,5.540,1,81,0,-0.008,-0.000,-0.018,-0.026,-0.015,-0.011,0.088
52.646863000,0.510381000,0.749634,43,105.954651,1888,-0.0093,-0.099,2.507,0.881,0.023,0.013,0.028,0.008,-0.011,0.017,0.105,-0.034,-0.041,-0.114,2.495,0.969,1504,1486,1849,1502,-0.415,-0.355,5.650,1,81,0,-0.008,-0.000,-0.023,-0.031,-0.016,-0.011,0.088
52.658499000,0.522017000,0.760010,43,2967.359131,1889,0.0013,-0.098,2.507,0.881,0.025,0.011,0.028,0.010,-0.014,0.015,0.125,-0.085,-0.065,-0.114,2.495,0.969,1504,1485,1849,1502,-0.431,-0.366,5.760,1,81,0,-0.008,-0.000,-0.025,-0.033,-0.016,-0.011,0.088
52.669410000,0.532928000,0.770020,43,85.962349,1890,0.0009,-0.098,2.507,0.882,0.023,0.008,0.029,0.010,-0.015,0.014,0.092,-0.096,-0.076,-0.114,2.495,0.969,1503,1486,1848,1501,-0.447,-0.378,5.869,1,81,0,-0.008,-0.000,-0.023,-0.031,-0.016,-0.011,0.087
52.677299000,0.540817000,0.779907,43,91.717873,1891,-0.0020,-0.098,2.507,0.882,0.021,0.005,0.030,0.008,-0.016,0.013,0.039,-0.094,-0.077,-0.114,2.495,0.969,1503,1487,1847,1501,-0.463,-0.389,5.978,1,81,0,-0.008,-0.000,-0.021,-0.030,-0.016,-0.011,0.087
52.684606000,0.548124000,0.789673,43,126.855255,1892,-0.0025,-0.098,2.507,0.882,0.019,0.004,0.031,0.007,-0.016,0.013,-0.001,-0.085,-0.077,-0.114,2.495,0.969,1502,1488,1848,1501,-0.480,-0.400,6.087,1,81,0,-0.008,-0.000,-0.019,-0.028,-0.017,-0.011,0.087
52.698414000,0.561932000,0.799927,43,137.023849,1893,0.0035,-0.098,2.507,0.883,0.015,0.001,0.034,0.003,-0.015,0.012,-0.112,-0.037,-0.076,-0.114,2.495,0.969,1502,1490,1846,1501,-0.497,-0.411,6.195,1,81,0,-0.008,-0.000,-0.015,-0.024,-0.017,-0.011,0.086
52.704453000,0.567971000,0.809937,43,72.463768,1894,-0.0040,-0.098,2.507,0.883,0.014,0.002,0.032,0.003,-0.016,0.011,-0.086,-0.043,-0.070,-0.114,2.495,0.969,1502,1490,1846,1501,-0.513,-0.422,6.302,1,81,0,-0.008,-0.001,-0.014,-0.023,-0.017,-0.011,0.086
52.715965000,0.579483000,0.819946,43,165.837479,1895,0.0015,-0.098,2.507,0.883,0.014,0.003,0.031,0.003,-0.017,0.012,-0.057,-0.062,-0.040,-0.114,2.495,0.969,1502,1490,1846,1501,-0.530,-0.434,6.409,1,81,0,-0.008,-0.001,-0.014,-0.023,-0.017,-0.011,0.086
52.724287000,0.587805000,0.829834,43,86.926285,1896,-0.0016,-0.097,2.507,0.884,0.018,0.005,0.029,0.006,-0.021,0.011,0.039,-0.151,-0.046,-0.114,2.495,0.969,1503,1488,1847,1501,-0.548,-0.445,6.516,1,81,0,-0.009,-0.001,-0.018,-0.027,-0.017,-0.011,0.086
52.741083000,0.604601000,0.839600,43,120.279045,1897,0.0070,-0.097,2.507,0.884,0.018,0.006,0.027,0.008,-0.023,0.010,0.070,-0.153,-0.061,-0.114,2.495,0.969,1503,1488,1847,1501,-0.565,-0.456,6.623,1,81,0,-0.009,-0.001,-0.018,-0.028,-0.017,-0.011,0.085
52.756770000,0.620288000,0.849731,43,59.569904,1898,0.0055,-0.097,2.507,0.884,0.018,0.008,0.028,0.008,-0.024,0.010,0.067,-0.152,-0.063,-0.114,2.495,0.969,1503,1488,1847,1501,-0.582,-0.468,6.729,1,81,0,-0.009,-0.001,-0.018,-0.027,-0.018,-0.012,0.085
52.767357000,0.630875000,0.859863,43,63.775509,1899,0.0004,-0.097,2.507,0.884,0.017,0.009,0.028,0.009,-0.025,0.008,0.058,-0.133,-0.073,-0.114,2.495,0.969,1503,1489,1846,1501,-0.600,-0.480,6.835,1,81,0,-0.009,-0.001,-0.017,-0.026,-0.018,-0.012,0.085
52.767700000,0.631218000,0.869873,43,94.544769,1900,-0.0097,-0.097,2.507,0.885,0.014,0.009,0.028,0.008,-0.024,0.007,0.037,-0.079,-0.092,-0.114,2.495,0.969,1504,1490,1846,1500,-0.618,-0.492,6.940,1,81,0,-0.009,-0.001,-0.014,-0.023,-0.018,-0.012,0.084
52.775039000,0.638557000,0.880005,43,2958.579834,1901,-0.0028,-0.097,2.507,0.885,0.013,0.010,0.028,0.008,-0.023,0.006,0.020,-0.040,-0.099,-0.114,2.495,0.969,1504,1491,1846,1500,-0.636,-0.503,7.046,1,81,0,-0.009,-0.001,-0.013,-0.022,-0.018,-0.012,0.084
52.784443000,0.647961000,0.890015,43,136.332657,1902,-0.0006,-0.097,2.508,0.885,0.008,0.011,0.032,0.004,-0.022,0.005,-0.075,0.000,-0.086,-0.114,2.495,0.969,1504,1493,1845,1500,-0.653,-0.516,7.150,1,81,0,-0.009,-0.001,-0.008,-0.017,-0.018,-0.012,0.084
52.794750000,0.658268000,0.899048,43,106.428268,1903,0.0013,-0.097,2.508,0.886,0.009,0.012,0.033,0.004,-0.022,0.005,-0.064,0.015,-0.075,-0.114,2.495,0.969,1504,1493,1844,1500,-0.671,-0.528,7.255,1,81,0,-0.009,-0.001,-0.009,-0.018,-0.018,-0.012,0.083
52.804911000,0.668429000,0.909180,43,97.087379,1904,0.0000,-0.096,2.508,0.886,0.014,0.014,0.032,0.009,-0.023,0.004,0.059,-0.018,-0.076,-0.114,2.495,0.969,1505,1490,1844,1500,-0.689,-0.540,7.358,1,81,0,-0.009,-0.001,-0.014,-0.024,-0.018,-0.012,0.083
52.817220000,0.680738000,0.919922,43,98.473656,1905,0.0016,-0.096,2.508,0.886,0.015,0.016,0.032,0.010,-0.024,0.004,0.072,-0.033,-0.058,-0.114,2.495,0.969,1505,1490,1844,1500,-0.708,-0.553,7.462,1,81,0,-0.009,-0.001,-0.015,-0.025,-0.018,-0.013,0.083
52.831518000,0.695036000,0.929932,43,81.294205,1906,0.0043,-0.096,2.508,0.887,0.013,0.017,0.034,0.008,-0.023,0.005,0.014,-0.006,-0.031,-0.114,2.495,0.969,1505,1490,1842,1500,-0.726,-0.566,7.565,1,81,0,-0.009,-0.001,-0.013,-0.023,-0.018,-0.013,0.082
52.844081000,0.707599000,0.939941,43,69.964317,1907,0.0025,-0.096,2.509,0.887,0.012,0.019,0.035,0.006,-0.023,0.005,-0.052,-0.002,-0.021,-0.114,2.495,0.969,1506,1491,1841,1500,-0.744,-0.579,7.667,1,81,0,-0.009,-0.001,-0.012,-0.022,-0.018,-0.013,0.082
52.844938000,0.708456000,0.950195,43,79.649544,1908,-0.0094,-0.096,2.509,0.887,0.012,0.018,0.036,0.004,-0.023,0.005,-0.078,-0.014,-0.010,-0.114,2.495,0.969,1506,1491,1841,1500,-0.763,-0.592,7.769,1,81,0,-0.009,-0.001,-0.012,-0.022,-0.019,-0.013,0.082
52.855868000,0.719386000,0.959961,43,1177.856323,1909,0.0012,-0.096,2.509,0.888,0.012,0.018,0.036,0.003,-0.024,0.005,-0.083,-0.032,-0.011,-0.114,2.495,0.969,1506,1491,1840,1500,-0.782,-0.605,7.871,1,81,0,-0.009,-0.001,-0.012,-0.022,-0.019,-0.013,0.081
52.872699000,0.736217000,0.969971,43,91.541557,1910,0.0068,-0.096,2.509,0.888,0.011,0.018,0.039,-0.002,-0.024,0.004,-0.188,-0.024,-0.018,-0.114,2.495,0.969,1506,1492,1839,1500,-0.801,-0.619,7.972,1,81,0,-0.009,-0.001,-0.011,-0.021,-0.019,-0.014,0.081
52.880375000,0.743893000,0.980347,43,59.445965,1911,-0.0027,-0.095,2.509,0.889,0.012,0.019,0.038,-0.003,-0.025,0.004,-0.173,-0.039,-0.017,-0.114,2.495,0.969,1506,1491,1840,1500,-0.820,-0.633,8.072,1,81,0,-0.009,-0.001,-0.012,-0.022,-0.019,-0.014,0.080
52.884816000,0.748334000,0.989990,43,130.378098,1912,-0.0052,-0.095,2.509,0.889,0.016,0.020,0.035,-0.001,-0.027,0.004,-0.065,-0.074,-0.022,-0.114,2.495,0.969,1506,1489,1840,1500,-0.839,-0.647,8.172,1,81,0,-0.010,-0.001,-0.016,-0.027,-0.019,-0.014,0.080
52.895994000,0.759512000,1.000000,43,225.529999,1913,0.0012,-0.095,2.510,0.889,0.018,0.019,0.034,0.001,-0.028,0.003,-0.010,-0.075,-0.049,-0.114,2.495,0.969,1506,1488,1840,1500,-0.858,-0.661,8.272,1,81,0,-0.010,-0.001,-0.018,-0.029,-0.019,-0.014,0.080
52.907037000,0.770555000,1.009644,43,89.525513,1914,0.0014,-0.095,2.510,0.890,0.019,0.020,0.034,0.002,-0.027,0.002,0.018,-0.047,-0.055,-0.114,2.495,0.969,1506,1487,1840,1500,-0.878,-0.676,8.372,1,81,0,-0.010,-0.001,-0.019,-0.030,-0.020,-0.014,0.080
52.914556000,0.778074000,1.019653,43,90.612541,1915,-0.0025,-0.094,2.510,0.890,0.020,0.021,0.034,0.002,-0.027,0.001,0.019,-0.035,-0.061,-0.114,2.495,0.969,1506,1487,1840,1500,-0.898,-0.690,8.471,1,81,0,-0.010,-0.001,-0.020,-0.030,-0.020,-0.015,0.079
52.924554000,0.788072000,1.030029,43,133.138062,1916,-0.0004,-0.095,2.510,0.890,0.014,0.020,0.037,-0.004,-0.026,0.001,-0.119,-0.007,-0.046,-0.114,2.495,0.969,1506,1490,1838,1500,-0.918,-0.705,8.569,1,81,0,-0.010,-0.001,-0.014,-0.025,-0.020,-0.015,0.079
52.944642000,0.808160000,1.039795,43,100.110123,1917,0.0103,-0.094,2.511,0.891,0.019,0.023,0.033,-0.001,-0.028,0.000,-0.035,-0.038,-0.053,-0.114,2.495,0.969,1507,1487,1839,1499,-0.938,-0.720,8.667,1,81,0,-0.010,-0.001,-0.019,-0.030,-0.020,-0.015,0.079
52.945622000,0.809140000,1.050293,43,49.800797,1918,-0.0095,-0.094,2.511,0.891,0.019,0.023,0.029,-0.001,-0.028,-0.001,-0.006,-0.046,-0.061,-0.114,2.495,0.969,1507,1487,1840,1499,-0.958,-0.736,8.765,1,81,0,-0.010,-0.001,-0.019,-0.030,-0.020,-0.015,0.078
52.958562000,0.822080000,1.060181,43,1028.806641,1919,0.0030,-0.094,2.511,0.891,0.019,0.021,0.027,-0.000,-0.028,-0.001,0.008,-0.020,-0.062,-0.114,2.495,0.969,1506,1487,1841,1499,-0.979,-0.751,8.863,1,81,0,-0.010,-0.001,-0.019,-0.030,-0.021,-0.016,0.078
52.971593000,0.835111000,1.069946,43,77.315605,1920,0.0033,-0.094,2.511,0.891,0.017,0.019,0.028,-0.001,-0.028,-0.002,-0.008,-0.016,-0.069,-0.114,2.495,0.969,1506,1488,1840,1499,-1.000,-0.767,8.960,1,81,0,-0.010,-0.001,-0.017,-0.028,-0.021,-0.016,0.078
52.978562000,0.842080000,1.080078,43,76.775429,1921,-0.0032,-0.094,2.511,0.891,0.014,0.017,0.027,-0.001,-0.028,-0.002,-0.012,-0.008,-0.054,-0.114,2.495,0.969,1506,1489,1841,1499,-1.020,-0.783,9.057,1,81,0,-0.010,-0.001,-0.014,-0.026,-0.021,-0.016,0.078
52.984278000,0.847796000,1.089844,43,143.616257,1922,-0.0041,-0.094,2.511,0.892,0.013,0.016,0.026,-0.001,-0.029,-0.002,-0.005,-0.031,-0.038,-0.114,2.495,0.969,1506,1490,1841,1499,-1.041,-0.799,9.153,1,81,0,-0.010,-0.001,-0.013,-0.025,-0.021,-0.016,0.077
52.996439000,0.859957000,1.099976,43,175.100677,1923,0.0020,-0.093,2.512,0.892,0.013,0.015,0.024,0.000,-0.029,-0.002,0.021,-0.039,-0.020,-0.114,2.495,0.969,1505,1490,1842,1499,-1.062,-0.815,9.250,1,81,0,-0.010,-0.001,-0.013,-0.025,-0.021,-0.016,0.077
53.009725000,0.873243000,1.109985,43,82.284210,1924,0.0033,-0.093,2.512,0.892,0.013,0.014,0.023,0.001,-0.029,-0.002,0.035,-0.028,-0.023,-0.114,2.495,0.969,1505,1490,1842,1499,-1.083,-0.831,9.346,1,81,0,-0.011,-0.001,-0.013,-0.024,-0.021,-0.016,0.077
53.016854000,0.880372000,1.119629,43,75.312546,1925,-0.0025,-0.093,2.512,0.892,0.013,0.013,0.023,0.002,-0.029,-0.002,0.056,-0.001,-0.027,-0.114,2.495,0.969,1505,1490,1842,1499,-1.105,-0.847,9.442,1,81,0,-0.011,-0.001,-0.013,-0.025,-0.021,-0.016,0.077
53.024467000,0.887985000,1.129761,43,140.390289,1926,-0.0025,-0.093,2.512,0.892,0.012,0.011,0.021,0.003,-0.029,-0.003,0.063,-0.020,-0.044,-0.114,2.495,0.969,1505,1490,1842,1499,-1.126,-0.864,9.538,1,81,0,-0.011,-0.001,-0.012,-0.024,-0.021,-0.016,0.077
53.035702000,0.899220000,1.139526,43,131.475159,1927,0.0015,-0.093,2.512,0.893,0.011,0.009,0.020,0.003,-0.030,-0.004,0.052,-0.024,-0.044,-0.114,2.495,0.969,1504,1491,1842,1499,-1.147,-0.880,9.633,1,81,0,-0.011,-0.001,-0.011,-0.023,-0.021,-0.016,0.076
53.046492000,0.910010000,1.150024,43,89.070992,1928,0.0003,-0.093,2.512,0.893,0.009,0.007,0.018,0.004,-0.030,-0.004,0.054,-0.028,-0.037,-0.114,2.495,0.969,1504,1492,1843,1499,-1.169,-0.896,9.729,1,81,0,-0.011,-0.001,-0.009,-0.021,-0.021,-0.016,0.076
53.054326000,0.917844000,1.159790,43,92.738571,1929,-0.0019,-0.093,2.512,0.893,0.010,0.006,0.018,0.005,-0.032,-0.004,0.079,-0.062,-0.035,-0.114,2.495,0.969,1504,1492,1843,1499,-1.190,-0.913,9.824,1,81,0,-0.011,-0.001,-0.010,-0.022,-0.022,-0.016,0.076
53.069115000,0.932633000,1.169800,43,127.779198,1930,0.0048,-0.093,2.512,0.893,0.008,0.005,0.016,0.007,-0.033,-0.004,0.090,-0.091,-0.028,-0.114,2.495,0.969,1504,1492,1843,1499,-1.212,-0.929,9.919,1,81,0,-0.011,-0.001,-0.008,-0.020,-0.022,-0.016,0.076
53.075626000,0.939144000,1.179810,43,67.654419,1931,-0.0035,-0.093,2.512,0.893,0.007,0.005,0.015,0.007,-0.034,-0.004,0.085,-0.073,-0.014,-0.114,2.495,0.969,1504,1493,1844,1499,-1.234,-0.946,10.014,1,81,0,-0.011,-0.001,-0.007,-0.019,-0.022,-0.016,0.076
53.086872000,0.950390000,1.189941,43,153.775177,1932,0.0011,-0.093,2.512,0.893,0.003,0.004,0.017,0.005,-0.032,-0.004,-0.001,-0.002,-0.001,-0.114,2.495,0.969,1503,1495,1843,1499,-1.255,-0.962,10.108,1,81,0,-0.011,-0.001,-0.003,-0.015,-0.022,-0.016,0.076
53.094181000,0.957699000,1.199707,43,88.960060,1933,-0.0025,-0.093,2.512,0.893,0.005,0.004,0.012,0.007,-0.033,-0.004,0.069,-0.034,-0.000,-0.114,2.495,0.969,1503,1494,1845,1499,-1.277,-0.979,10.203,1,81,0,-0.011,-0.001,-0.005,-0.017,-0.022,-0.017,0.076
53.108160000,0.971678000,1.210205,43,136.967545,1934,0.0035,-0.093,2.512,0.893,0.004,0.004,0.009,0.008,-0.033,-0.003,0.071,-0.040,0.008,-0.114,2.495,0.969,1503,1495,1846,1499,-1.298,-0.995,10.298,1,81,0,-0.011,-0.001,-0.004,-0.016,-0.022,-0.017,0.076
53.116787000,0.980305000,1.219604,43,71.566589,1935,-0.0008,-0.093,2.512,0.893,0.001,0.005,0.007,0.008,-0.033,-0.003,0.053,-0.024,0.012,-0.114,2.495,0.969,1504,1496,1847,1499,-1.320,-1.012,10.392,1,81,0,-0.011,-0.001,-0.001,-0.013,-0.022,-0.017,0.076
53.124386000,0.987904000,1.229980,43,116.022743,1936,-0.0028,-0.093,2.512,0.893,0.000,0.005,0.007,0.008,-0.033,-0.003,0.035,-0.016,0.016,-0.114,2.495,0.969,1504,1496,1847,1499,-1.342,-1.028,10.487,1,81,0,-0.011,-0.001,-0.000,-0.012,-0.022,-0.017,0.076
53.134707000,0.998225000,1.238892,43,131.682907,1937,0.0014,-0.093,2.512,0.893,0.000,0.005,0.005,0.009,-0.033,-0.003,0.047,0.003,0.016,-0.114,2.495,0.969,1504,1496,1847,1499,-1.363,-1.045,10.581,1,81,0,-0.011,-0.001,-0.000,-0.012,-0.022,-0.017,0.076
53.150432000,1.013950000,1.249878,43,96.964996,1938,0.0047,-0.093,2.512,0.893,-0.000,0.005,0.004,0.009,-0.032,-0.003,0.050,0.025,0.015,-0.114,2.495,0.969,1504,1497,1848,1499,-1.385,-1.062,10.676,1,81,0,-0.011,-0.001,0.000,-0.012,-0.022,-0.017,0.076
53.168064000,1.031582000,1.260254,43,63.625374,1939,0.0072,-0.093,2.512,0.893,0.000,0.005,0.004,0.010,-0.031,-0.003,0.055,0.030,0.010,-0.114,2.495,0.969,1504,1496,1848,1499,-1.406,-1.079,10.770,1,81,0,-0.011,-0.001,-0.000,-0.012,-0.022,-0.017,0.076
53.194755000,1.058273000,1.270020,43,56.737587,1940,0.0169,-0.093,2.512,0.893,0.001,0.005,0.002,0.011,-0.032,-0.003,0.067,0.007,-0.004,-0.114,2.495,0.969,1504,1496,1848,1499,-1.428,-1.096,10.865,1,81,0,-0.011,-0.001,-0.001,-0.013,-0.022,-0.017,0.076
53.199775000,1.063293000,1.280151,43,37.475639,1941,-0.0051,-0.093,2.512,0.893,0.001,0.005,0.002,0.012,-0.032,-0.003,0.066,0.006,-0.002,-0.114,2.495,0.969,1504,1496,1849,1499,-1.449,-1.113,10.959,1,81,0,-0.011,-0.001,-0.001,-0.014,-0.022,-0.017,0.076
53.200122000,1.063640000,1.289307,43,199.441559,1942,-0.0088,-0.093,2.512,0.894,0.001,0.004,0.002,0.012,-0.031,-0.003,0.049,0.024,0.006,-0.114,2.495,0.969,1504,1496,1849,1499,-1.471,-1.130,11.054,1,81,0,-0.011,-0.001,-0.001,-0.014,-0.022,-0.017,0.076
53.203263000,1.066781000,1.299561,43,2923.976562,1943,-0.0071,-0.093,2.512,0.894,0.002,0.004,0.002,0.011,-0.031,-0.003,0.019,0.018,0.001,-0.114,2.495,0.969,1504,1496,1849,1499,-1.493,-1.147,11.148,1,81,0,-0.011,-0.001,-0.002,-0.014,-0.022,-0.017,0.076
53.207188000,1.070706000,1.309937,43,318.674316,1944,-0.0065,-0.093,2.512,0.894,0.002,0.004,0.002,0.010,-0.031,-0.003,-0.010,0.019,0.006,-0.114,2.495,0.969,1504,1495,1849,1499,-1.514,-1.164,11.243,1,81,0,-0.011,-0.002,-0.002,-0.015,-0.022,-0.017,0.076
53.214265000,1.077783000,1.319946,43,255.297424,1945,-0.0029,-0.093,2.512,0.894,-0.003,0.003,0.005,0.004,-0.028,-0.002,-0.150,0.081,0.015,-0.114,2.495,0.969,1503,1498,1848,1499,-1.536,-1.181,11.337,1,81,0,-0.011,-0.002,0.003,-0.010,-0.022,-0.017,0.075
53.225978000,1.089496000,1.329956,43,141.462723,1946,0.0017,-0.093,2.512,0.894,-0.001,0.002,0.005,0.003,-0.028,-0.002,-0.135,0.069,0.005,-0.114,2.495,0.969,1503,1497,1848,1499,-1.557,-1.198,11.431,1,81,0,-0.011,-0.002,0.001,-0.012,-0.022,-0.017,0.075
53.236320000,1.099838000,1.339844,43,85.426277,1947,0.0004,-0.093,2.512,0.894,0.001,0.002,0.004,0.003,-0.029,-0.003,-0.113,0.031,-0.005,-0.114,2.495,0.969,1503,1496,1849,1499,-1.579,-1.215,11.525,1,81,0,-0.011,-0.002,-0.001,-0.014,-0.022,-0.017,0.075
53.253347000,1.116865000,1.349976,43,96.767952,1948,0.0069,-0.093,2.512,0.894,0.000,0.002,0.003,0.001,-0.029,-0.002,-0.129,0.023,0.006,-0.114,2.495,0.969,1503,1496,1849,1499,-1.601,-1.232,11.619,1,81,0,-0.011,-0.002,-0.000,-0.013,-0.022,-0.017,0.075
53.262902000,1.126420000,1.359131,43,58.754406,1949,0.0004,-0.093,2.513,0.894,0.001,0.002,0.001,0.001,-0.028,-0.002,-0.110,0.028,0.012,-0.114,2.495,0.969,1503,1496,1849,1499,-1.622,-1.249,11.714,1,81,0,-0.011,-0.002,-0.001,-0.013,-0.022,-0.017,0.075
53.277304000,1.140822000,1.369751,43,104.744949,1950,0.0038,-0.093,2.513,0.894,0.001,0.002,0.002,-0.001,-0.028,-0.001,-0.110,0.027,0.025,-0.114,2.495,0.969,1503,1496,1849,1499,-1.644,-1.266,11.808,1,81,0,-0.011,-0.002,-0.001,-0.013,-0.022,-0.017,0.075
53.283633000,1.147151000,1.380005,43,69.458916,1951,-0.0039,-0.093,2.513,0.894,0.001,0.002,0.001,-0.001,-0.027,-0.001,-0.086,0.043,0.021,-0.114,2.495,0.969,1503,1496,1849,1499,-1.666,-1.283,11.902,1,81,0,-0.011,-0.002,-0.001,-0.013,-0.022,-0.017,0.075
53.287394000,1.150912000,1.389771,43,158.177795,1952,-0.0060,-0.093,2.513,0.894,-0.001,0.002,0.002,-0.002,-0.026,-0.001,-0.101,0.062,0.030,-0.114,2.495,0.969,1503,1497,1849,1499,-1.687,-1.300,11.996,1,81,0,-0.011,-0.002,0.001,-0.011,-0.022,-0.017,0.075
53.310261000,1.173779000,1.389771,0,266.311584,0,0,-0.093,2.513,0.894,-0.001,0.002,0.002,-0.002,-0.026,-0.001,-0.101,0.062,0.030,0.000,0.000,0.000,1503,1497,1849,1499,0.000,0.000,0.000,0,81,2,-0.011,-0.002,0.001,-0.011,-0.022,-0.017,0.075
53.317757000,1.181275000,1.400024,43,266.311584,1953,0.0201,-0.093,2.513,0.894,0.000,0.002,-0.001,-0.001,-0.026,-0.001,-0.037,0.034,0.017,-0.114,2.495,0.969,1503,1496,1851,1499,-1.709,-1.317,12.090,1,81,0,-0.011,-0.002,-0.000,-0.013,-0.022,-0.017,0.075
53.318037000,1.181555000,1.409912,43,32.941330,1954,-0.0096,-0.093,2.513,0.894,-0.001,0.002,-0.002,-0.001,-0.027,-0.001,-0.044,-0.002,0.012,-0.114,2.495,0.969,1503,1497,1852,1499,-1.730,-1.334,12.185,1,81,0,-0.011,-0.002,0.001,-0.012,-0.022,-0.017,0.075
53.318241000,1.181759000,1.420044,43,3649.635010,1955,-0.0099,-0.093,2.513,0.894,-0.001,0.003,-0.003,-0.000,-0.027,-0.001,-0.011,0.003,0.005,-0.114,2.495,0.969,1503,1497,1852,1499,-1.752,-1.352,12.279,1,81,0,-0.011,-0.002,0.001,-0.012,-0.022,-0.017,0.076
53.325432000,1.188950000,1.430054,43,4975.124512,1956,-0.0028,-0.093,2.513,0.894,-0.002,0.002,-0.003,-0.001,-0.026,-0.001,-0.020,0.028,0.015,-0.114,2.495,0.969,1503,1497,1852,1499,-1.774,-1.369,12.374,1,81,0,-0.011,-0.002,0.002,-0.011,-0.022,-0.017,0.076
53.334467000,1.197985000,1.439941,43,139.101410,1957,-0.0009,-0.093,2.513,0.894,-0.002,0.002,-0.002,0.000,-0.026,-0.001,0.007,0.036,0.011,-0.114,2.495,0.969,1503,1497,1852,1499,-1.795,-1.386,12.468,1,81,0,-0.011,-0.002,0.002,-0.011,-0.022,-0.017,0.076
53.355746000,1.219264000,1.450195,43,110.791046,1958,0.0110,-0.093,2.513,0.893,0.001,0.003,-0.005,0.004,-0.026,-0.000,0.089,0.014,0.017,-0.114,2.495,0.969,1504,1496,1853,1499,-1.817,-1.403,12.563,1,81,0,-0.011,-0.002,-0.001,-0.014,-0.022,-0.017,0.076
53.356102000,1.219620000,1.459961,43,47.012363,1959,-0.0094,-0.093,2.513,0.893,-0.004,0.003,-0.003,0.000,-0.025,-0.000,-0.016,0.042,0.019,-0.114,2.495,0.969,1504,1498,1852,1499,-1.838,-1.421,12.657,1,81,0,-0.011,-0.002,0.004,-0.008,-0.021,-0.017,0.076
53.367376000,1.230894000,1.469971,43,2865.329590,1960,0.0013,-0.093,2.513,0.893,-0.001,0.005,-0.006,0.005,-0.026,-0.000,0.096,-0.004,0.013,-0.114,2.495,0.969,1504,1497,1854,1499,-1.860,-1.438,12.752,1,81,0,-0.011,-0.002,0.001,-0.012,-0.022,-0.017,0.076
53.379740000,1.243258000,1.479980,43,88.723274,1961,0.0023,-0.093,2.513,0.893,0.000,0.005,-0.006,0.007,-0.027,0.000,0.118,-0.010,0.021,-0.114,2.495,0.969,1504,1496,1853,1500,-1.881,-1.456,12.847,1,81,0,-0.011,-0.002,-0.000,-0.013,-0.022,-0.018,0.076
53.391183000,1.254701000,1.490112,43,80.932343,1962,0.0013,-0.093,2.513,0.893,-0.000,0.005,-0.004,0.007,-0.026,0.000,0.111,0.012,0.015,-0.114,2.495,0.969,1504,1497,1853,1500,-1.903,-1.473,12.941,1,81,0,-0.011,-0.002,0.000,-0.012,-0.022,-0.018,0.076
53.405611000,1.269129000,1.499878,43,87.427872,1963,0.0047,-0.093,2.513,0.893,-0.001,0.005,-0.004,0.008,-0.025,0.000,0.098,0.026,0.008,-0.114,2.495,0.969,1504,1497,1854,1500,-1.924,-1.491,13.036,1,81,0,-0.011,-0.002,0.001,-0.011,-0.021,-0.018,0.076
53.411043000,1.274561000,1.510010,43,69.343315,1964,-0.0047,-0.093,2.513,0.893,-0.001,0.004,-0.004,0.009,-0.026,-0.000,0.100,0.007,-0.002,-0.114,2.495,0.969,1504,1497,1854,1499,-1.946,-1.508,13.131,1,81,0,-0.011,-0.002,0.001,-0.011,-0.021,-0.018,0.076
53.415325000,1.278843000,1.520020,43,184.297821,1965,-0.0057,-0.093,2.513,0.893,-0.001,0.004,-0.003,0.010,-0.026,-0.001,0.103,-0.009,-0.009,-0.114,2.495,0.969,1504,1497,1853,1499,-1.967,-1.526,13.226,1,81,0,-0.011,-0.002,0.001,-0.012,-0.021,-0.018,0.076
53.427047000,1.290565000,1.529907,43,233.808746,1966,0.0018,-0.093,2.513,0.893,-0.001,0.003,-0.002,0.011,-0.026,-0.000,0.086,-0.005,-0.003,-0.114,2.495,0.969,1504,1497,1853,1499,-1.989,-1.544,13.321,1,81,0,-0.011,-0.002,0.001,-0.012,-0.021,-0.018,0.076
53.434842000,1.298360000,1.539673,43,85.375221,1967,-0.0020,-0.093,2.513,0.893,0.000,0.003,-0.002,0.012,-0.026,-0.000,0.103,-0.003,-0.002,-0.114,2.495,0.969,1504,1496,1853,1499,-2.010,-1.561,13.416,1,81,0,-0.011,-0.002,-0.000,-0.013,-0.022,-0.018,0.076
53.445623000,1.309141000,1.549927,43,128.402664,1968,0.0005,-0.093,2.513,0.893,0.002,0.004,-0.002,0.013,-0.026,-0.000,0.090,-0.011,0.000,-0.114,2.495,0.969,1504,1496,1853,1499,-2.032,-1.579,13.511,1,81,0,-0.011,-0.002,-0.002,-0.014,-0.022,-0.018,0.076
53.458499000,1.322017000,1.559937,43,92.833275,1969,0.0029,-0.093,2.513,0.893,0.002,0.005,-0.002,0.013,-0.025,0.000,0.072,0.017,0.012,-0.114,2.495,0.969,1504,1495,1853,1500,-2.053,-1.597,13.606,1,81,0,-0.011,-0.002,-0.002,-0.015,-0.022,-0.018,0.076
53.464277000,1.327795000,1.569946,43,77.706116,1970,-0.0042,-0.093,2.513,0.893,0.002,0.006,-0.002,0.013,-0.025,0.000,0.048,0.028,0.017,-0.114,2.495,0.969,1504,1495,1853,1500,-2.075,-1.615,13.701,1,81,0,-0.011,-0.002,-0.002,-0.015,-0.022,-0.018,0.076
53.477693000,1.341211000,1.579956,43,173.310226,1971,0.0034,-0.093,2.513,0.893,0.004,0.006,-0.002,0.013,-0.025,0.001,0.040,0.017,0.015,-0.114,2.495,0.969,1504,1494,1853,1500,-2.097,-1.633,13.796,1,81,0,-0.011,-0.002,-0.004,-0.017,-0.022,-0.018,0.076
53.487373000,1.350891000,1.589966,43,74.576775,1972,-0.0003,-0.093,2.514,0.893,0.005,0.007,-0.001,0.012,-0.025,0.001,0.023,0.020,0.021,-0.114,2.495,0.969,1504,1494,1853,1500,-2.118,-1.651,13.891,1,81,0,-0.011,-0.002,-0.005,-0.018,-0.022,-0.018,0.076
53.495457000,1.358975000,1.599976,43,103.391235,1973,-0.0019,-0.093,2.514,0.893,0.005,0.007,-0.001,0.012,-0.024,0.001,0.019,0.022,0.016,-0.114,2.495,0.969,1504,1494,1853,1500,-2.140,-1.669,13.986,1,81,0,-0.011,-0.002,-0.005,-0.018,-0.022,-0.018,0.076
53.505845000,1.369363000,1.609985,43,123.793015,1974,0.0004,-0.093,2.514,0.893,0.005,0.007,-0.001,0.012,-0.025,0.001,-0.004,0.011,0.014,-0.114,2.495,0.969,1504,1494,1854,1500,-2.162,-1.687,14.081,1,81,0,-0.011,-0.002,-0.005,-0.018,-0.022,-0.018,0.076
53.517099000,1.380617000,1.619873,43,96.339111,1975,0.0014,-0.093,2.514,0.893,0.003,0.005,0.002,0.008,-0.024,0.001,-0.088,0.036,0.012,-0.114,2.495,0.969,1504,1495,1853,1500,-2.184,-1.706,14.176,1,81,0,-0.011,-0.002,-0.003,-0.016,-0.022,-0.018,0.076
53.524516000,1.388034000,1.629883,43,88.912598,1976,-0.0026,-0.092,2.514,0.893,0.004,0.005,0.002,0.008,-0.023,0.001,-0.070,0.031,0.013,-0.114,2.495,0.969,1504,1494,1853,1500,-2.206,-1.724,14.270,1,81,0,-0.011,-0.002,-0.004,-0.017,-0.022,-0.018,0.076
53.534635000,1.398153000,1.639893,43,134.934555,1977,0.0001,-0.092,2.514,0.893,0.005,0.005,0.000,0.008,-0.023,0.001,-0.049,0.037,0.004,-0.114,2.495,0.969,1504,1494,1853,1500,-2.228,-1.742,14.365,1,81,0,-0.011,-0.002,-0.005,-0.018,-0.022,-0.018,0.076
53.549716000,1.413234000,1.650024,43,98.902184,1978,0.0049,-0.092,2.514,0.893,0.009,0.006,-0.002,0.012,-0.024,0.001,0.051,-0.013,0.000,-0.114,2.495,0.969,1504,1492,1854,1500,-2.250,-1.761,14.460,1,81,0,-0.011,-0.002,-0.009,-0.022,-0.022,-0.018,0.076
53.560614000,1.424132000,1.660156,43,66.343796,1979,0.0008,-0.092,2.514,0.893,0.009,0.007,-0.003,0.013,-0.025,0.001,0.077,-0.020,0.001,-0.114,2.495,0.969,1504,1491,1855,1500,-2.272,-1.779,14.555,1,81,0,-0.011,-0.002,-0.009,-0.023,-0.022,-0.018,0.076
53.571753000,1.435271000,1.669800,43,91.810501,1980,0.0015,-0.092,2.514,0.893,0.009,0.006,-0.003,0.014,-0.025,0.001,0.067,-0.010,-0.001,-0.114,2.495,0.969,1504,1492,1855,1500,-2.295,-1.798,14.651,1,81,0,-0.011,-0.002,-0.009,-0.022,-0.022,-0.019,0.076
53.575400000,1.438918000,1.680054,43,89.831116,1981,-0.0066,-0.092,2.514,0.893,0.009,0.007,-0.003,0.014,-0.025,0.001,0.064,-0.015,-0.004,-0.114,2.495,0.969,1505,1492,1855,1500,-2.317,-1.816,14.746,1,81,0,-0.011,-0.002,-0.009,-0.023,-0.022,-0.019,0.076
53.588060000,1.451578000,1.690063,43,274.574402,1982,0.0026,-0.092,2.514,0.893,0.009,0.007,-0.003,0.015,-0.025,0.001,0.055,-0.010,0.000,-0.114,2.495,0.969,1505,1492,1855,1500,-2.340,-1.835,14.841,1,81,0,-0.011,-0.002,-0.009,-0.022,-0.023,-0.019,0.076
53.595880000,1.459398000,1.698853,43,79.038887,1983,-0.0010,-0.092,2.514,0.893,0.008,0.007,-0.002,0.015,-0.024,0.001,0.046,0.018,0.002,-0.114,2.495,0.969,1505,1492,1855,1500,-2.362,-1.854,14.936,1,81,0,-0.011,-0.002,-0.008,-0.022,-0.023,-0.019,0.076
53.607713000,1.471231000,1.709961,43,128.008194,1984,0.0007,-0.092,2.514,0.893,0.007,0.007,-0.001,0.015,-0.024,0.001,0.038,0.021,0.008,-0.114,2.495,0.969,1504,1492,1855,1500,-2.385,-1.873,15.031,1,81,0,-0.011,-0.002,-0.007,-0.021,-0.023,-0.019,0.076
53.618563000,1.482081000,1.719971,43,84.545151,1985,0.0008,-0.092,2.514,0.893,0.007,0.006,-0.001,0.015,-0.023,0.002,0.017,0.027,0.016,-0.114,2.495,0.969,1504,1493,1855,1500,-2.408,-1.891,15.127,1,81,0,-0.011,-0.002,-0.007,-0.021,-0.023,-0.019,0.076
53.628255000,1.491773000,1.729492,43,92.233902,1986,0.0002,-0.092,2.514,0.893,0.006,0.005,-0.002,0.014,-0.024,0.002,0.008,0.008,0.020,-0.114,2.495,0.969,1504,1493,1855,1500,-2.431,-1.910,15.222,1,81,0,-0.011,-0.002,-0.006,-0.020,-0.023,-0.019,0.076
53.634341000,1.497859000,1.739502,43,103.231133,1987,-0.0039,-0.092,2.514,0.893,0.005,0.005,-0.002,0.014,-0.024,0.002,-0.007,-0.005,0.017,-0.114,2.495,0.969,1504,1493,1856,1500,-2.453,-1.929,15.317,1,81,0,-0.011,-0.002,-0.005,-0.019,-0.023,-0.019,0.076
53.645489000,1.509007000,1.749756,43,164.446640,1988,0.0009,-0.092,2.514,0.893,0.005,0.004,-0.002,0.014,-0.024,0.002,-0.010,0.011,0.018,-0.114,2.495,0.969,1504,1493,1855,1500,-2.476,-1.948,15.412,1,81,0,-0.011,-0.002,-0.005,-0.019,-0.023,-0.019,0.076
53.661667000,1.525185000,1.760010,43,89.750496,1989,0.0059,-0.091,2.514,0.893,0.005,0.003,-0.001,0.014,-0.023,0.002,-0.007,0.016,0.004,-0.114,2.495,0.969,1504,1493,1855,1500,-2.499,-1.967,15.508,1,81,0,-0.011,-0.002,-0.005,-0.019,-0.023,-0.019,0.076
53.665606000,1.529124000,1.769775,43,61.842918,1990,-0.0058,-0.091,2.514,0.893,0.006,0.002,-0.001,0.014,-0.023,0.002,-0.005,0.021,0.000,-0.114,2.495,0.969,1504,1493,1855,1500,-2.522,-1.986,15.603,1,81,0,-0.011,-0.003,-0.006,-0.020,-0.023,-0.019,0.076
53.676205000,1.539723000,1.779785,43,254.388199,1991,0.0006,-0.091,2.514,0.893,0.005,0.002,-0.002,0.014,-0.024,0.001,0.008,0.001,-0.014,-0.114,2.495,0.969,1504,1494,1855,1500,-2.545,-2.005,15.698,1,81,0,-0.011,-0.003,-0.005,-0.019,-0.023,-0.019,0.076
53.688564000,1.552082000,1.789917,43,94.419792,1992,0.0022,-0.091,2.514,0.893,0.005,0.002,-0.003,0.014,-0.024,0.001,0.013,-0.003,-0.017,-0.114,2.495,0.969,1504,1494,1856,1500,-2.568,-2.024,15.794,1,81,0,-0.012,-0.003,-0.005,-0.019,-0.023,-0.019,0.076
53.695411000,1.558929000,1.800171,43,80.965103,1993,-0.0034,-0.091,2.514,0.893,0.005,0.001,-0.003,0.015,-0.024,0.001,0.012,-0.003,-0.021,-0.114,2.495,0.969,1504,1493,1856,1500,-2.591,-2.043,15.889,1,81,0,-0.012,-0.003,-0.005,-0.019,-0.023,-0.019,0.076
53.705378000,1.568896000,1.810059,43,146.156097,1994,0.0001,-0.091,2.514,0.893,0.005,0.001,-0.002,0.015,-0.024,0.001,0.013,0.003,-0.016,-0.114,2.495,0.969,1503,1494,1856,1500,-2.614,-2.062,15.984,1,81,0,-0.012,-0.003,-0.005,-0.019,-0.023,-0.019,0.076
53.718561000,1.582079000,1.819580,43,100.401604,1995,0.0037,-0.091,2.514,0.893,0.004,0.001,-0.003,0.014,-0.023,0.001,-0.003,0.024,-0.005,-0.114,2.495,0.969,1503,1494,1857,1500,-2.638,-2.081,16.080,1,81,0,-0.012,-0.003,-0.004,-0.018,-0.023,-0.019,0.076
53.724395000,1.587913000,1.829956,43,75.907089,1996,-0.0045,-0.091,2.514,0.893,0.002,0.000,-0.004,0.014,-0.023,0.001,-0.012,0.019,-0.002,-0.114,2.495,0.969,1503,1495,1857,1500,-2.661,-2.100,16.175,1,81,0,-0.012,-0.003,-0.002,-0.016,-0.023,-0.019,0.076
53.735245000,1.598763000,1.839600,43,171.556015,1997,0.0012,-0.091,2.514,0.893,0.001,0.001,-0.004,0.013,-0.023,0.001,-0.020,0.007,0.010,-0.114,2.495,0.969,1503,1496,1857,1500,-2.684,-2.119,16.271,1,81,0,-0.012,-0.003,-0.001,-0.015,-0.023,-0.019,0.077
53.747331000,1.610849000,1.849976,43,92.233902,1998,0.0017,-0.091,2.514,0.893,0.000,0.000,-0.004,0.013,-0.023,0.002,-0.019,0.012,0.015,-0.114,2.495,0.969,1503,1496,1858,1500,-2.707,-2.138,16.367,1,81,0,-0.012,-0.003,-0.000,-0.014,-0.023,-0.019,0.077
53.765501000,1.629019000,1.859863,43,82.788307,1999,0.0083,-0.091,2.514,0.893,-0.000,0.000,-0.003,0.013,-0.022,0.002,-0.013,0.021,0.020,-0.114,2.495,0.969,1503,1496,1857,1500,-2.730,-2.157,16.462,1,81,0,-0.012,-0.003,0.000,-0.014,-0.023,-0.019,0.077
53.779575000,1.643093000,1.869629,43,55.053951,2000,0.0043,-0.091,2.514,0.893,-0.003,-0.001,-0.000,0.011,-0.020,0.002,-0.067,0.063,0.017,-0.114,2.495,0.969,1503,1498,1856,1500,-2.753,-2.176,16.558,1,81,0,-0.011,-0.003,0.003,-0.011,-0.023,-0.019,0.076
53.779924000,1.643442000,1.879761,43,71.098473,2001,-0.0098,-0.091,2.514,0.892,-0.001,0.000,-0.004,0.014,-0.022,0.002,0.030,0.017,0.014,-0.114,2.495,0.969,1503,1497,1858,1500,-2.776,-2.195,16.654,1,81,0,-0.011,-0.003,0.001,-0.013,-0.023,-0.019,0.077
53.787238000,1.650756000,1.889771,43,2906.976807,2002,-0.0027,-0.091,2.514,0.892,-0.002,0.001,-0.005,0.015,-0.022,0.003,0.053,0.004,0.021,-0.114,2.495,0.969,1503,1497,1858,1500,-2.799,-2.214,16.750,1,81,0,-0.011,-0.003,0.002,-0.012,-0.023,-0.019,0.077
53.794826000,1.658344000,1.899780,43,136.780197,2003,-0.0024,-0.091,2.514,0.892,-0.002,-0.000,-0.005,0.016,-0.022,0.003,0.063,0.005,0.017,-0.114,2.495,0.969,1503,1497,1858,1500,-2.822,-2.233,16.846,1,81,0,-0.011,-0.003,0.002,-0.012,-0.023,-0.019,0.077
53.804715000,1.668233000,1.910400,43,131.908722,2004,-0.0007,-0.092,2.514,0.892,-0.002,-0.001,-0.004,0.017,-0.022,0.002,0.053,0.008,-0.000,-0.114,2.495,0.969,1503,1497,1858,1500,-2.845,-2.251,16.942,1,81,0,-0.011,-0.003,0.002,-0.012,-0.023,-0.019,0.077
53.814338000,1.677856000,1.919922,43,101.194092,2005,0.0001,-0.092,2.514,0.892,-0.003,-0.002,-0.003,0.017,-0.021,0.002,0.041,0.030,-0.002,-0.114,2.495,0.969,1503,1498,1858,1500,-2.867,-2.270,17.038,1,81,0,-0.011,-0.003,0.003,-0.011,-0.023,-0.019,0.077
53.824348000,1.687866000,1.929932,43,103.993347,2006,-0.0000,-0.092,2.514,0.892,-0.004,-0.002,-0.003,0.017,-0.021,0.002,0.033,0.017,-0.002,-0.114,2.495,0.969,1503,1498,1859,1500,-2.890,-2.289,17.134,1,81,0,-0.011,-0.003,0.004,-0.010,-0.023,-0.019,0.077
53.837158000,1.700676000,1.940063,43,99.989998,2007,0.0027,-0.092,2.514,0.892,-0.004,-0.002,-0.004,0.017,-0.022,0.002,0.036,-0.024,-0.011,-0.114,2.495,0.969,1503,1498,1859,1500,-2.913,-2.308,17.230,1,81,0,-0.011,-0.003,0.004,-0.010,-0.023,-0.019,0.077
53.854193000,1.717711000,1.949951,43,78.118896,2008,0.0071,-0.092,2.514,0.892,-0.003,-0.003,-0.004,0.018,-0.024,0.001,0.050,-0.049,-0.026,-0.114,2.495,0.969,1503,1498,1859,1500,-2.936,-2.327,17.326,1,81,0,-0.011,-0.003,0.003,-0.011,-0.023,-0.019,0.077
53.866223000,1.729741000,1.959839,43,58.730251,2009,0.0021,-0.092,2.514,0.892,-0.003,-0.003,-0.004,0.019,-0.023,0.000,0.055,-0.024,-0.032,-0.114,2.495,0.969,1503,1497,1859,1500,-2.958,-2.346,17.422,1,81,0,-0.011,-0.003,0.003,-0.011,-0.023,-0.019,0.077
53.866580000,1.730098000,1.969849,43,83.167000,2010,-0.0097,-0.092,2.514,0.892,-0.005,-0.003,-0.001,0.017,-0.022,-0.000,-0.011,0.020,-0.043,-0.114,2.495,0.969,1503,1499,1858,1499,-2.981,-2.364,17.518,1,81,0,-0.011,-0.003,0.005,-0.009,-0.023,-0.019,0.077
53.876949000,1.740467000,1.979980,43,2865.329590,2011,0.0002,-0.092,2.514,0.892,-0.005,-0.003,-0.001,0.017,-0.022,-0.001,-0.007,0.016,-0.050,-0.114,2.495,0.969,1503,1498,1858,1499,-3.003,-2.383,17.614,1,81,0,-0.011,-0.003,0.005,-0.009,-0.023,-0.019,0.077
53.891847000,1.755365000,1.989990,43,96.469223,2012,0.0049,-0.092,2.514,0.892,-0.005,-0.002,-0.002,0.017,-0.022,-0.002,0.007,-0.006,-0.047,-0.114,2.495,0.969,1503,1498,1858,1499,-3.026,-2.402,17.710,1,81,0,-0.011,-0.003,0.005,-0.009,-0.022,-0.019,0.077
53.895908000,1.759426000,1.999878,43,67.154655,2013,-0.0058,-0.092,2.514,0.892,-0.004,-0.002,-0.004,0.018,-0.023,-0.001,0.014,-0.027,-0.025,-0.114,2.495,0.969,1503,1498,1859,1499,-3.048,-2.420,17.807,1,81,0,-0.011,-0.003,0.004,-0.010,-0.022,-0.019,0.077
53.905354000,1.768872000,2.010010,43,246.730820,2014,-0.0007,-0.092,2.514,0.892,-0.004,-0.002,-0.003,0.017,-0.023,-0.000,-0.009,-0.028,-0.003,-0.114,2.495,0.969,1503,1498,1859,1499,-3.071,-2.439,17.903,1,81,0,-0.011,-0.003,0.004,-0.010,-0.022,-0.019,0.077
53.917834000,1.781352000,2.019897,43,105.954651,2015,0.0026,-0.092,2.514,0.892,-0.004,-0.000,-0.003,0.017,-0.023,0.000,-0.011,-0.018,0.018,-0.114,2.495,0.969,1503,1498,1859,1500,-3.093,-2.458,17.999,1,81,0,-0.011,-0.003,0.004,-0.010,-0.022,-0.019,0.077
53.927257000,1.790775000,2.030029,43,80.186035,2016,-0.0007,-0.092,2.514,0.892,-0.005,0.000,-0.002,0.016,-0.022,0.001,-0.025,0.014,0.031,-0.114,2.495,0.969,1503,1498,1860,1500,-3.115,-2.476,18.095,1,81,0,-0.011,-0.003,0.005,-0.009,-0.022,-0.019,0.077
53.935043000,1.798561000,2.039795,43,106.213486,2017,-0.0020,-0.092,2.514,0.892,-0.005,0.001,-0.003,0.016,-0.023,0.001,-0.015,-0.001,0.030,-0.114,2.495,0.969,1503,1498,1860,1500,-3.138,-2.495,18.192,1,81,0,-0.011,-0.003,0.005,-0.010,-0.022,-0.019,0.077
53.945447000,1.808965000,2.049805,43,128.534698,2018,0.0004,-0.092,2.514,0.892,-0.004,0.002,-0.004,0.017,-0.024,0.001,0.010,-0.023,0.027,-0.114,2.495,0.969,1504,1498,1860,1500,-3.160,-2.514,18.288,1,81,0,-0.011,-0.003,0.004,-0.010,-0.022,-0.019,0.077
53.954931000,1.818449000,2.060059,43,96.190842,2019,-0.0008,-0.092,2.514,0.892,-0.005,0.002,-0.005,0.017,-0.024,0.002,0.015,-0.024,0.032,-0.114,2.495,0.969,1504,1498,1861,1500,-3.182,-2.533,18.385,1,81,0,-0.011,-0.003,0.005,-0.009,-0.022,-0.019,0.077
53.968114000,1.831632000,2.069946,43,105.540894,2020,0.0033,-0.092,2.514,0.892,-0.005,0.003,-0.005,0.018,-0.023,0.002,0.034,-0.006,0.024,-0.114,2.495,0.969,1504,1498,1861,1500,-3.204,-2.552,18.482,1,81,0,-0.011,-0.003,0.005,-0.010,-0.022,-0.019,0.077
53.979772000,1.843290000,2.079956,43,75.889809,2021,0.0016,-0.092,2.514,0.892,-0.003,0.003,-0.005,0.020,-0.024,0.002,0.072,-0.011,0.022,-0.114,2.495,0.969,1504,1498,1861,1500,-3.226,-2.571,18.578,1,81,0,-0.011,-0.003,0.003,-0.011,-0.022,-0.019,0.077
53.984388000,1.847906000,2.089966,43,85.822174,2022,-0.0054,-0.092,2.514,0.892,-0.003,0.003,-0.004,0.020,-0.023,0.003,0.064,-0.000,0.026,-0.114,2.495,0.969,1504,1498,1861,1500,-3.248,-2.590,18.675,1,81,0,-0.011,-0.003,0.003,-0.011,-0.022,-0.019,0.077
53.994520000,1.858038000,2.099854,43,216.919739,2023,0.0002,-0.092,2.514,0.892,0.000,0.004,-0.008,0.025,-0.025,0.003,0.151,-0.041,0.028,-0.114,2.495,0.969,1504,1496,1862,1500,-3.270,-2.609,18.772,1,81,0,-0.011,-0.003,-0.000,-0.015,-0.022,-0.019,0.078
54.004934000,1.868452000,2.110229,43,99.117851,2024,0.0000,-0.092,2.514,0.892,-0.003,0.003,-0.005,0.022,-0.024,0.003,0.054,-0.015,0.023,-0.114,2.495,0.969,1504,1498,1861,1500,-3.292,-2.628,18.869,1,81,0,-0.011,-0.003,0.003,-0.011,-0.022,-0.019,0.078
54.015272000,1.878790000,2.119995,43,96.098404,2025,0.0006,-0.092,2.514,0.891,-0.003,0.003,-0.005,0.023,-0.025,0.003,0.057,-0.038,0.021,-0.114,2.495,0.969,1504,1497,1861,1500,-3.314,-2.647,18.966,1,81,0,-0.011,-0.003,0.003,-0.011,-0.022,-0.019,0.078
54.024223000,1.887741000,2.130005,43,96.805420,2026,-0.0011,-0.092,2.515,0.891,-0.003,0.003,-0.005,0.023,-0.025,0.003,0.055,-0.011,0.011,-0.114,2.495,0.969,1504,1497,1862,1500,-3.336,-2.666,19.063,1,81,0,-0.011,-0.003,0.003,-0.011,-0.022,-0.019,0.078
54.034969000,1.898487000,2.139893,43,111.819298,2027,0.0009,-0.092,2.515,0.891,0.001,0.004,-0.008,0.026,-0.026,0.003,0.112,-0.031,0.005,-0.114,2.495,0.969,1504,1496,1864,1500,-3.359,-2.685,19.160,1,81,0,-0.011,-0.003,-0.001,-0.015,-0.022,-0.019,0.078
54.045922000,1.909440000,2.149902,43,93.127213,2028,0.0009,-0.092,2.515,0.891,0.002,0.004,-0.009,0.027,-0.027,0.003,0.113,-0.049,0.001,-0.114,2.495,0.969,1504,1495,1864,1500,-3.381,-2.704,19.257,1,81,0,-0.011,-0.003,-0.002,-0.016,-0.022,-0.019,0.078
54.054665000,1.918183000,2.159424,43,91.365921,2029,-0.0008,-0.092,2.515,0.891,-0.002,0.003,-0.005,0.024,-0.025,0.003,-0.002,0.011,-0.003,-0.114,2.495,0.969,1504,1497,1862,1500,-3.403,-2.723,19.355,1,81,0,-0.011,-0.003,0.002,-0.012,-0.022,-0.019,0.078
54.078543000,1.942061000,2.170044,43,114.495079,2030,0.0132,-0.092,2.515,0.891,-0.001,0.003,-0.006,0.024,-0.024,0.002,0.010,0.025,-0.008,-0.114,2.495,0.969,1504,1496,1863,1500,-3.425,-2.742,19.452,1,81,0,-0.011,-0.003,0.001,-0.013,-0.022,-0.019,0.078
54.087553000,1.951071000,2.179810,43,41.895344,2031,-0.0008,-0.092,2.515,0.891,-0.000,0.004,-0.006,0.024,-0.024,0.002,0.009,0.032,-0.005,-0.114,2.495,0.969,1504,1496,1863,1500,-3.447,-2.762,19.550,1,81,0,-0.011,-0.003,0.000,-0.014,-0.022,-0.019,0.078
54.087837000,1.951355000,2.187988,43,111.061752,2032,-0.0079,-0.092,2.515,0.891,0.001,0.004,-0.008,0.024,-0.024,0.002,-0.005,0.009,-0.004,-0.114,2.495,0.969,1504,1495,1864,1500,-3.469,-2.781,19.647,1,81,0,-0.011,-0.003,-0.001,-0.015,-0.022,-0.019,0.078
54.096680000,1.960198000,2.199951,43,3597.122314,2033,-0.0031,-0.092,2.515,0.891,0.001,0.005,-0.009,0.024,-0.024,0.002,-0.012,0.014,-0.007,-0.114,2.495,0.969,1504,1495,1864,1500,-3.491,-2.800,19.745,1,81,0,-0.011,-0.003,-0.001,-0.016,-0.022,-0.019,0.078
54.110493000,1.974011000,2.209961,43,113.122169,2034,0.0038,-0.092,2.515,0.891,0.002,0.005,-0.010,0.023,-0.024,0.002,-0.020,-0.001,-0.013,-0.114,2.495,0.969,1504,1495,1865,1500,-3.513,-2.820,19.843,1,81,0,-0.011,-0.004,-0.002,-0.017,-0.022,-0.019,0.078
54.138306000,2.001824000,2.219849,43,72.437523,2035,0.0179,-0.092,2.515,0.890,0.003,0.005,-0.012,0.023,-0.025,0.001,-0.022,-0.011,-0.018,-0.114,2.495,0.969,1504,1494,1866,1500,-3.536,-2.839,19.941,1,81,0,-0.011,-0.004,-0.003,-0.018,-0.022,-0.020,0.079
54.151168000,2.014686000,2.229980,43,35.963463,2036,0.0027,-0.092,2.515,0.890,0.004,0.006,-0.014,0.023,-0.025,0.001,-0.014,-0.012,-0.036,-0.114,2.495,0.969,1505,1494,1868,1500,-3.558,-2.859,20.040,1,81,0,-0.011,-0.004,-0.004,-0.019,-0.022,-0.020,0.079
54.151514000,2.015032000,2.239624,43,77.802849,2037,-0.0093,-0.092,2.515,0.890,0.005,0.008,-0.017,0.023,-0.024,-0.000,-0.023,0.003,-0.046,-0.114,2.495,0.969,1505,1493,1869,1499,-3.580,-2.879,20.139,1,81,0,-0.011,-0.004,-0.005,-0.020,-0.022,-0.020,0.079
54.155915000,2.019433000,2.249390,43,2932.551270,2038,-0.0054,-0.092,2.515,0.890,0.004,0.010,-0.021,0.021,-0.024,-0.001,-0.045,-0.001,-0.064,-0.114,2.495,0.969,1505,1494,1871,1499,-3.603,-2.899,20.238,1,81,0,-0.011,-0.004,-0.004,-0.019,-0.022,-0.020,0.079
54.156210000,2.019728000,2.260010,43,227.376083,2039,-0.0103,-0.092,2.515,0.889,0.004,0.011,-0.025,0.021,-0.024,-0.001,-0.043,-0.001,-0.038,-0.114,2.495,0.969,1506,1494,1873,1499,-3.625,-2.919,20.337,1,81,0,-0.011,-0.004,-0.004,-0.019,-0.022,-0.020,0.080
54.176567000,2.040085000,2.268677,43,3484.320557,2040,0.0117,-0.092,2.516,0.889,0.003,0.016,-0.030,0.020,-0.023,0.000,-0.063,0.039,-0.002,-0.114,2.495,0.969,1507,1494,1875,1500,-3.648,-2.939,20.438,1,81,0,-0.011,-0.004,-0.003,-0.018,-0.022,-0.020,0.080
54.185447000,2.048965000,2.280029,43,49.130390,2041,-0.0025,-0.092,2.516,0.889,0.002,0.019,-0.030,0.019,-0.021,0.001,-0.075,0.065,0.030,-0.114,2.495,0.969,1507,1495,1875,1500,-3.670,-2.960,20.538,1,81,0,-0.011,-0.004,-0.002,-0.017,-0.022,-0.021,0.080
54.196919000,2.060437000,2.290039,43,112.688751,2042,0.0015,-0.092,2.516,0.888,0.000,0.024,-0.030,0.019,-0.019,0.002,-0.054,0.120,0.045,-0.114,2.495,0.969,1508,1496,1876,1500,-3.693,-2.981,20.639,1,81,0,-0.011,-0.004,-0.000,-0.015,-0.022,-0.021,0.081
54.205885000,2.069403000,2.299927,43,87.214371,2043,-0.0009,-0.092,2.517,0.888,-0.002,0.027,-0.030,0.019,-0.016,0.004,-0.042,0.157,0.076,-0.114,2.495,0.969,1509,1497,1876,1500,-3.715,-3.002,20.740,1,81,0,-0.011,-0.004,0.002,-0.013,-0.022,-0.021,0.081
54.206234000,2.069752000,2.309814,43,111.619598,2044,-0.0095,-0.092,2.518,0.888,-0.001,0.039,-0.033,0.025,-0.016,0.002,0.121,0.109,0.010,-0.114,2.495,0.969,1511,1496,1878,1500,-3.737,-3.024,20.842,1,81,0,-0.011,-0.004,0.001,-0.014,-0.022,-0.022,0.081
54.216185000,2.079703000,2.319946,43,2915.451904,2045,-0.0002,-0.092,2.518,0.887,-0.001,0.037,-0.030,0.028,-0.016,0.004,0.159,0.092,0.057,-0.114,2.495,0.969,1511,1496,1877,1500,-3.760,-3.047,20.944,1,81,0,-0.011,-0.004,0.001,-0.014,-0.022,-0.022,0.082
54.224771000,2.088289000,2.329956,43,100.532822,2046,-0.0014,-0.092,2.518,0.887,-0.001,0.033,-0.025,0.031,-0.015,0.005,0.216,0.080,0.066,-0.114,2.495,0.969,1510,1496,1876,1500,-3.782,-3.069,21.047,1,81,0,-0.011,-0.004,0.001,-0.014,-0.022,-0.023,0.082
54.237208000,2.100726000,2.339966,43,116.563705,2047,0.0020,-0.092,2.518,0.887,0.002,0.026,-0.021,0.036,-0.016,0.007,0.265,0.053,0.090,-0.114,2.495,0.969,1509,1495,1875,1501,-3.804,-3.092,21.149,1,81,0,-0.011,-0.004,-0.002,-0.017,-0.022,-0.023,0.082
54.245945000,2.109463000,2.349976,43,83.514282,2048,-0.0013,-0.092,2.518,0.887,0.001,0.025,-0.015,0.040,-0.015,0.006,0.321,0.068,0.055,-0.114,2.495,0.969,1509,1495,1873,1500,-3.827,-3.115,21.251,1,81,0,-0.011,-0.004,-0.001,-0.016,-0.022,-0.023,0.082
54.256681000,2.120199000,2.359985,43,114.560661,2049,0.0007,-0.092,2.518,0.887,0.003,0.019,-0.009,0.045,-0.017,0.005,0.366,-0.008,0.004,-0.114,2.495,0.969,1508,1494,1871,1500,-3.849,-3.138,21.354,1,81,0,-0.011,-0.004,-0.003,-0.019,-0.023,-0.023,0.082
54.279109000,2.142627000,2.369995,43,93.187958,2050,0.0124,-0.092,2.518,0.887,0.006,0.014,-0.003,0.050,-0.019,0.003,0.399,-0.062,-0.040,-0.114,2.495,0.969,1507,1493,1868,1500,-3.872,-3.161,21.456,1,81,0,-0.011,-0.004,-0.006,-0.021,-0.023,-0.023,0.082
54.299194000,2.162712000,2.379517,43,44.603031,2051,0.0106,-0.092,2.518,0.888,0.007,0.008,0.003,0.054,-0.022,0.002,0.405,-0.114,-0.065,-0.114,2.495,0.969,1506,1492,1866,1500,-3.895,-3.184,21.557,1,81,0,-0.011,-0.004,-0.007,-0.023,-0.023,-0.023,0.081
54.299544000,2.163062000,2.390259,43,49.803276,2052,-0.0104,-0.092,2.518,0.888,0.007,0.005,0.008,0.057,-0.024,0.001,0.355,-0.139,-0.060,-0.114,2.495,0.969,1505,1492,1864,1500,-3.918,-3.206,21.659,1,81,0,-0.011,-0.004,-0.007,-0.023,-0.023,-0.023,0.081
54.299755000,2.163273000,2.400024,43,2906.976807,2053,-0.0096,-0.091,2.518,0.888,0.009,-0.001,0.014,0.057,-0.026,0.003,0.263,-0.145,-0.002,-0.114,2.495,0.969,1504,1491,1862,1500,-3.940,-3.229,21.760,1,81,0,-0.011,-0.004,-0.009,-0.024,-0.023,-0.023,0.081
54.303549000,2.167067000,2.408325,43,4830.917969,2054,-0.0045,-0.092,2.518,0.889,0.004,-0.002,0.022,0.054,-0.024,0.005,0.110,-0.054,0.069,-0.114,2.495,0.969,1504,1494,1858,1500,-3.963,-3.252,21.860,1,81,0,-0.011,-0.004,-0.004,-0.019,-0.023,-0.023,0.080
54.315202000,2.178720000,2.420288,43,263.782654,2055,-0.0003,-0.091,2.518,0.889,0.004,-0.003,0.025,0.053,-0.024,0.007,0.076,-0.055,0.099,-0.114,2.495,0.969,1503,1493,1857,1501,-3.986,-3.274,21.961,1,81,0,-0.011,-0.004,-0.004,-0.020,-0.023,-0.022,0.080
54.327146000,2.190664000,2.430054,43,85.873764,2056,0.0022,-0.091,2.518,0.889,0.007,-0.002,0.026,0.056,-0.027,0.009,0.119,-0.098,0.101,-0.114,2.495,0.969,1504,1492,1857,1501,-4.009,-3.296,22.060,1,81,0,-0.012,-0.004,-0.007,-0.023,-0.023,-0.022,0.080
54.336943000,2.200461000,2.440186,43,83.787178,2057,-0.0003,-0.091,2.518,0.890,0.008,-0.003,0.030,0.054,-0.027,0.011,0.052,-0.084,0.138,-0.114,2.495,0.969,1503,1492,1855,1501,-4.033,-3.319,22.160,1,81,0,-0.012,-0.004,-0.008,-0.023,-0.023,-0.022,0.079
54.344476000,2.207994000,2.449951,43,102.155479,2058,-0.0022,-0.091,2.518,0.890,0.008,-0.004,0.034,0.052,-0.029,0.013,-0.010,-0.107,0.148,-0.114,2.495,0.969,1503,1491,1853,1502,-4.056,-3.341,22.258,1,81,0,-0.012,-0.004,-0.008,-0.024,-0.023,-0.022,0.079
54.357108000,2.220626000,2.460083,43,132.890366,2059,0.0025,-0.091,2.518,0.891,0.009,-0.004,0.035,0.051,-0.030,0.014,-0.047,-0.100,0.141,-0.114,2.495,0.969,1503,1491,1853,1502,-4.079,-3.364,22.356,1,81,0,-0.012,-0.004,-0.009,-0.024,-0.023,-0.022,0.079
54.378224000,2.241742000,2.469849,43,79.214195,2060,0.0113,-0.091,2.518,0.891,0.009,-0.007,0.035,0.049,-0.031,0.015,-0.071,-0.100,0.144,-0.114,2.495,0.969,1503,1491,1852,1502,-4.103,-3.386,22.454,1,81,0,-0.012,-0.004,-0.009,-0.025,-0.023,-0.022,0.078
54.387789000,2.251307000,2.478882,43,47.375404,2061,0.0005,-0.091,2.517,0.891,0.010,-0.010,0.037,0.047,-0.031,0.017,-0.111,-0.085,0.138,-0.114,2.495,0.969,1502,1491,1851,1502,-4.126,-3.408,22.551,1,81,0,-0.012,-0.004,-0.010,-0.026,-0.024,-0.022,0.078
54.395584000,2.259102000,2.489990,43,104.613457,2062,-0.0033,-0.091,2.517,0.892,0.009,-0.014,0.038,0.043,-0.030,0.018,-0.187,-0.046,0.139,-0.114,2.495,0.969,1501,1491,1850,1502,-4.150,-3.429,22.648,1,81,0,-0.012,-0.004,-0.009,-0.025,-0.024,-0.022,0.077
54.396069000,2.259587000,2.500244,43,128.386185,2063,-0.0098,-0.091,2.517,0.892,0.010,-0.012,0.033,0.043,-0.031,0.017,-0.137,-0.050,0.087,-0.114,2.495,0.969,1502,1491,1851,1502,-4.174,-3.451,22.745,1,81,0,-0.012,-0.004,-0.010,-0.026,-0.024,-0.022,0.077
54.404523000,2.268041000,2.510010,43,2096.436035,2064,-0.0013,-0.091,2.517,0.892,0.009,-0.014,0.032,0.041,-0.031,0.018,-0.150,-0.042,0.082,-0.114,2.495,0.969,1501,1491,1852,1502,-4.198,-3.472,22.841,1,81,0,-0.012,-0.004,-0.009,-0.025,-0.024,-0.021,0.077
54.418536000,2.282054000,2.519897,43,118.343193,2065,0.0041,-0.090,2.516,0.892,0.013,-0.021,0.030,0.040,-0.032,0.022,-0.137,-0.068,0.166,-0.114,2.495,0.969,1500,1489,1852,1503,-4.222,-3.493,22.936,1,81,0,-0.012,-0.004,-0.013,-0.029,-0.024,-0.021,0.077
54.424360000,2.287878000,2.530029,43,71.403069,2066,-0.0043,-0.090,2.516,0.893,0.012,-0.022,0.029,0.038,-0.033,0.024,-0.152,-0.076,0.169,-0.114,2.495,0.969,1500,1489,1853,1503,-4.246,-3.514,23.032,1,81,0,-0.012,-0.004,-0.012,-0.028,-0.024,-0.021,0.076
54.436221000,2.299739000,2.539917,43,171.880371,2067,0.0020,-0.090,2.516,0.893,0.004,-0.023,0.033,0.032,-0.032,0.026,-0.277,-0.021,0.171,-0.114,2.495,0.969,1499,1494,1851,1503,-4.270,-3.535,23.127,1,81,0,-0.012,-0.004,-0.004,-0.020,-0.024,-0.020,0.076
54.445483000,2.309001000,2.549927,43,84.366829,2068,-0.0008,-0.090,2.516,0.893,0.003,-0.023,0.031,0.030,-0.032,0.027,-0.240,-0.017,0.170,-0.114,2.495,0.969,1499,1494,1852,1504,-4.294,-3.555,23.221,1,81,0,-0.012,-0.004,-0.003,-0.019,-0.024,-0.020,0.076
54.455135000,2.318653000,2.560059,43,108.061378,2069,-0.0005,-0.090,2.515,0.894,0.002,-0.024,0.028,0.029,-0.033,0.029,-0.203,-0.044,0.168,-0.114,2.495,0.969,1499,1494,1852,1504,-4.318,-3.575,23.316,1,81,0,-0.012,-0.004,-0.002,-0.019,-0.024,-0.020,0.075
54.466107000,2.329625000,2.570190,43,103.702164,2070,0.0008,-0.090,2.515,0.894,0.001,-0.025,0.025,0.029,-0.034,0.031,-0.149,-0.051,0.180,-0.114,2.495,0.969,1499,1495,1853,1504,-4.342,-3.595,23.410,1,81,0,-0.012,-0.004,-0.001,-0.017,-0.024,-0.020,0.075
54.480797000,2.344315000,2.580200,43,91.207588,2071,0.0047,-0.090,2.515,0.894,0.006,-0.023,0.017,0.034,-0.036,0.032,0.012,-0.094,0.154,-0.114,2.495,0.969,1499,1493,1856,1504,-4.366,-3.614,23.504,1,81,0,-0.012,-0.004,-0.006,-0.022,-0.024,-0.020,0.075
54.495340000,2.358858000,2.589966,43,68.105972,2072,0.0048,-0.090,2.515,0.894,0.005,-0.022,0.012,0.036,-0.039,0.033,0.061,-0.132,0.141,-0.114,2.495,0.969,1499,1493,1858,1504,-4.390,-3.634,23.598,1,81,0,-0.012,-0.004,-0.005,-0.021,-0.024,-0.019,0.075
54.498524000,2.362042000,2.599976,43,68.804184,2073,-0.0068,-0.090,2.515,0.894,0.002,-0.021,0.010,0.038,-0.040,0.034,0.077,-0.128,0.126,-0.114,2.495,0.969,1499,1494,1858,1504,-4.414,-3.653,23.693,1,81,0,-0.012,-0.004,-0.002,-0.019,-0.024,-0.019,0.075
54.506247000,2.369765000,2.609741,43,314.564331,2074,-0.0021,-0.090,2.514,0.894,0.001,-0.020,0.009,0.039,-0.039,0.035,0.098,-0.084,0.116,-0.114,2.495,0.969,1500,1495,1859,1505,-4.438,-3.672,23.787,1,81,0,-0.012,-0.004,-0.001,-0.017,-0.024,-0.019,0.075
54.522939000,2.386457000,2.619873,43,129.634430,2075,0.0066,-0.090,2.514,0.894,-0.000,-0.018,0.007,0.041,-0.039,0.035,0.117,-0.058,0.101,-0.114,2.495,0.969,1500,1496,1859,1505,-4.462,-3.691,23.881,1,81,0,-0.012,-0.004,0.000,-0.016,-0.024,-0.019,0.075
54.526077000,2.389595000,2.630005,43,59.930481,2076,-0.0070,-0.090,2.514,0.894,-0.001,-0.016,0.005,0.043,-0.039,0.036,0.134,-0.047,0.105,-0.114,2.495,0.969,1500,1496,1860,1505,-4.486,-3.710,23.975,1,81,0,-0.012,-0.004,0.001,-0.016,-0.024,-0.019,0.075
54.534027000,2.397545000,2.639404,43,319.284790,2077,-0.0015,-0.090,2.514,0.894,-0.002,-0.013,0.002,0.044,-0.039,0.037,0.137,-0.035,0.106,-0.114,2.495,0.969,1501,1497,1862,1505,-4.510,-3.728,24.069,1,81,0,-0.012,-0.005,0.002,-0.014,-0.024,-0.019,0.075
54.545492000,2.409010000,2.649658,43,125.897018,2078,0.0012,-0.090,2.514,0.894,-0.002,-0.009,0.000,0.045,-0.039,0.038,0.130,-0.023,0.104,-0.114,2.495,0.969,1502,1496,1863,1505,-4.534,-3.747,24.164,1,81,0,-0.012,-0.005,0.002,-0.014,-0.024,-0.019,0.075
54.555203000,2.418721000,2.660278,43,87.282883,2079,-0.0009,-0.090,2.514,0.894,-0.002,-0.007,-0.001,0.046,-0.039,0.039,0.119,-0.021,0.099,-0.114,2.495,0.969,1502,1496,1863,1505,-4.558,-3.766,24.258,1,81,0,-0.012,-0.005,0.002,-0.014,-0.024,-0.019,0.075
54.568080000,2.431598000,2.669800,43,103.060905,2080,0.0033,-0.090,2.514,0.894,-0.002,-0.006,-0.002,0.047,-0.039,0.040,0.105,0.003,0.090,-0.114,2.495,0.969,1502,1496,1864,1505,-4.582,-3.785,24.352,1,81,0,-0.012,-0.005,0.002,-0.014,-0.024,-0.019,0.076
54.582338000,2.445856000,2.680176,43,77.706116,2081,0.0039,-0.090,2.514,0.894,-0.002,-0.004,-0.002,0.048,-0.038,0.040,0.093,0.025,0.074,-0.114,2.495,0.969,1503,1496,1864,1505,-4.606,-3.803,24.447,1,81,0,-0.012,-0.005,0.002,-0.015,-0.024,-0.019,0.076
54.592316000,2.455834000,2.690063,43,70.170517,2082,0.0001,-0.091,2.514,0.893,-0.002,-0.004,-0.003,0.047,-0.038,0.040,0.059,0.012,0.056,-0.114,2.495,0.969,1503,1496,1864,1505,-4.630,-3.822,24.541,1,81,0,-0.012,-0.005,0.002,-0.015,-0.024,-0.019,0.076
54.595502000,2.459020000,2.700073,43,100.300903,2083,-0.0068,-0.091,2.514,0.893,-0.001,-0.002,-0.004,0.046,-0.039,0.041,0.027,-0.005,0.051,-0.114,2.495,0.969,1503,1496,1865,1505,-4.654,-3.841,24.636,1,81,0,-0.012,-0.005,0.001,-0.015,-0.024,-0.019,0.076
54.606411000,2.469929000,2.709961,43,314.465424,2084,0.0010,-0.091,2.514,0.893,-0.001,-0.001,-0.004,0.046,-0.039,0.041,0.004,-0.009,0.045,-0.114,2.495,0.969,1503,1496,1865,1505,-4.678,-3.860,24.731,1,81,0,-0.012,-0.005,0.001,-0.015,-0.024,-0.019,0.076
54.616357000,2.479875000,2.719849,43,91.734703,2085,0.0000,-0.091,2.514,0.893,-0.001,-0.000,-0.004,0.045,-0.039,0.041,-0.017,-0.004,0.048,-0.114,2.495,0.969,1503,1496,1865,1505,-4.702,-3.879,24.825,1,81,0,-0.012,-0.005,0.001,-0.016,-0.024,-0.019,0.076
54.626727000,2.490245000,2.729980,43,100.633995,2086,0.0002,-0.090,2.514,0.893,0.000,0.001,-0.003,0.044,-0.039,0.042,-0.040,-0.010,0.041,-0.114,2.495,0.969,1504,1495,1864,1505,-4.726,-3.897,24.920,1,81,0,-0.012,-0.005,-0.000,-0.017,-0.024,-0.019,0.076
54.636551000,2.500069000,2.739990,43,96.497154,2087,-0.0002,-0.091,2.514,0.893,-0.000,0.002,-0.004,0.043,-0.038,0.043,-0.052,0.019,0.059,-0.114,2.495,0.969,1504,1496,1866,1506,-4.749,-3.916,25.015,1,81,0,-0.012,-0.005,0.000,-0.016,-0.024,-0.019,0.076
54.645712000,2.509230000,2.750000,43,101.884872,2088,-0.0009,-0.090,2.514,0.893,0.000,0.003,-0.003,0.042,-0.038,0.044,-0.070,0.019,0.065,-0.114,2.495,0.969,1504,1495,1865,1506,-4.773,-3.935,25.110,1,81,0,-0.012,-0.005,-0.000,-0.017,-0.024,-0.019,0.076
54.656838000,2.520356000,2.760010,43,109.253799,2089,0.0011,-0.090,2.514,0.893,0.001,0.002,-0.001,0.041,-0.038,0.044,-0.080,-0.001,0.065,-0.114,2.495,0.969,1504,1495,1865,1506,-4.797,-3.954,25.204,1,81,0,-0.012,-0.005,-0.001,-0.018,-0.024,-0.019,0.076
54.664875000,2.528393000,2.770264,43,89.944237,2090,-0.0022,-0.090,2.514,0.893,0.001,0.002,-0.000,0.039,-0.038,0.045,-0.102,-0.004,0.058,-0.114,2.495,0.969,1504,1495,1864,1506,-4.821,-3.973,25.299,1,81,0,-0.012,-0.005,-0.001,-0.018,-0.024,-0.019,0.076
54.691350000,2.554868000,2.780273,43,124.517494,2091,0.0165,-0.090,2.514,0.893,0.001,0.001,0.001,0.037,-0.039,0.045,-0.115,-0.010,0.048,-0.114,2.495,0.969,1504,1495,1864,1506,-4.845,-3.992,25.394,1,81,0,-0.012,-0.005,-0.001,-0.018,-0.024,-0.019,0.076
54.698007000,2.561525000,2.789795,43,37.782898,2092,-0.0029,-0.090,2.514,0.893,0.001,-0.000,0.003,0.036,-0.040,0.045,-0.116,-0.030,0.035,-0.114,2.495,0.969,1503,1495,1863,1506,-4.869,-4.011,25.488,1,81,0,-0.012,-0.005,-0.001,-0.018,-0.024,-0.019,0.076
54.698289000,2.561807000,2.799927,43,150.375946,2093,-0.0099,-0.090,2.514,0.894,0.003,-0.002,0.005,0.036,-0.040,0.044,-0.086,-0.036,0.019,-0.114,2.495,0.969,1503,1494,1862,1506,-4.893,-4.030,25.583,1,81,0,-0.012,-0.005,-0.003,-0.020,-0.024,-0.019,0.076
54.708835000,2.572353000,2.810181,43,3610.108398,2094,0.0003,-0.090,2.514,0.894,0.004,-0.003,0.006,0.037,-0.040,0.044,-0.048,-0.028,0.002,-0.114,2.495,0.969,1503,1493,1862,1506,-4.917,-4.049,25.677,1,81,0,-0.012,-0.005,-0.004,-0.021,-0.024,-0.019,0.075
54.732832000,2.596350000,2.820190,43,94.849663,2095,0.0140,-0.090,2.514,0.894,0.006,-0.004,0.008,0.038,-0.041,0.043,-0.010,-0.041,-0.027,-0.114,2.495,0.969,1503,1492,1861,1506,-4.942,-4.068,25.771,1,81,0,-0.012,-0.005,-0.006,-0.023,-0.024,-0.019,0.075
54.742918000,2.606436000,2.830078,43,41.685772,2096,0.0002,-0.090,2.514,0.894,0.007,-0.004,0.010,0.039,-0.043,0.041,0.029,-0.072,-0.060,-0.114,2.495,0.969,1503,1492,1860,1505,-4.966,-4.086,25.865,1,81,0,-0.012,-0.005,-0.007,-0.024,-0.024,-0.019,0.075
54.745547000,2.609065000,2.839966,43,99.196510,2097,-0.0073,-0.090,2.514,0.894,0.008,-0.004,0.011,0.041,-0.044,0.040,0.050,-0.084,-0.082,-0.114,2.495,0.969,1503,1491,1859,1505,-4.990,-4.105,25.959,1,81,0,-0.012,-0.005,-0.008,-0.025,-0.024,-0.019,0.075
54.745773000,2.609291000,2.849854,43,381.242859,2098,-0.0097,-0.090,2.514,0.894,0.009,-0.004,0.013,0.041,-0.045,0.039,0.053,-0.098,-0.094,-0.114,2.495,0.969,1503,1490,1860,1505,-5.015,-4.123,26.052,1,81,0,-0.012,-0.005,-0.009,-0.027,-0.025,-0.019,0.075
54.755345000,2.618863000,2.860107,43,4545.454590,2099,-0.0007,-0.090,2.514,0.894,0.009,-0.004,0.013,0.041,-0.046,0.038,0.038,-0.104,-0.086,-0.114,2.495,0.969,1503,1490,1860,1505,-5.040,-4.142,26.145,1,81,0,-0.012,-0.005,-0.009,-0.027,-0.025,-0.019,0.075
54.765106000,2.628624000,2.870483,43,104.504128,2100,-0.0006,-0.090,2.514,0.895,0.009,-0.003,0.014,0.040,-0.046,0.038,-0.001,-0.067,-0.069,-0.114,2.495,0.969,1503,1491,1859,1505,-5.065,-4.161,26.239,1,81,0,-0.012,-0.005,-0.009,-0.026,-0.025,-0.019,0.074
54.774819000,2.638337000,2.879150,43,102.543068,2101,0.0010,-0.090,2.514,0.895,0.008,-0.002,0.015,0.038,-0.047,0.038,-0.064,-0.074,-0.058,-0.114,2.495,0.969,1503,1491,1858,1505,-5.089,-4.179,26.331,1,81,0,-0.012,-0.005,-0.008,-0.026,-0.025,-0.019,0.074
54.788770000,2.652288000,2.890015,43,103.039673,2102,0.0031,-0.089,2.514,0.895,0.009,0.000,0.016,0.036,-0.047,0.038,-0.090,-0.059,-0.042,-0.114,2.495,0.969,1503,1491,1858,1505,-5.114,-4.198,26.424,1,81,0,-0.012,-0.005,-0.009,-0.026,-0.025,-0.019,0.074
54.795806000,2.659324000,2.899902,43,71.715431,2103,-0.0029,-0.089,2.514,0.895,0.009,0.001,0.017,0.034,-0.046,0.038,-0.118,-0.034,-0.029,-0.114,2.495,0.969,1504,1491,1857,1505,-5.139,-4.217,26.516,1,81,0,-0.013,-0.005,-0.009,-0.026,-0.025,-0.019,0.074
54.806581000,2.670099000,2.909668,43,142.247513,2104,0.0010,-0.089,2.514,0.895,0.007,0.002,0.017,0.032,-0.046,0.038,-0.139,-0.015,-0.021,-0.114,2.495,0.969,1504,1491,1857,1505,-5.164,-4.235,26.609,1,81,0,-0.013,-0.005,-0.007,-0.025,-0.025,-0.019,0.074
54.812535000,2.676053000,2.917847,43,92.867760,2105,-0.0022,-0.089,2.514,0.896,0.001,0.003,0.022,0.027,-0.045,0.038,-0.263,0.021,-0.004,-0.114,2.495,0.969,1504,1495,1855,1505,-5.189,-4.254,26.700,1,81,0,-0.012,-0.005,-0.001,-0.019,-0.025,-0.019,0.073
54.826608000,2.690126000,2.929321,43,168.123734,2106,0.0026,-0.089,2.514,0.896,0.002,0.003,0.019,0.026,-0.045,0.038,-0.215,0.010,0.001,-0.114,2.495,0.969,1504,1494,1856,1505,-5.214,-4.273,26.792,1,81,0,-0.012,-0.005,-0.002,-0.020,-0.025,-0.019,0.073
54.842289000,2.705807000,2.939697,43,71.093414,2107,0.0053,-0.089,2.514,0.896,0.004,0.006,0.016,0.028,-0.046,0.039,-0.100,-0.003,0.009,-0.114,2.495,0.969,1505,1493,1857,1505,-5.239,-4.292,26.884,1,81,0,-0.013,-0.005,-0.004,-0.022,-0.025,-0.019,0.073
54.844256000,2.707774000,2.949707,43,63.799923,2108,-0.0080,-0.089,2.514,0.896,0.004,0.006,0.016,0.029,-0.045,0.039,-0.062,0.004,0.009,-0.114,2.495,0.969,1505,1493,1857,1505,-5.265,-4.311,26.975,1,81,0,-0.013,-0.005,-0.004,-0.022,-0.025,-0.019,0.073
54.854386000,2.717904000,2.960083,43,509.943909,2109,-0.0003,-0.089,2.514,0.896,0.004,0.005,0.016,0.029,-0.046,0.038,-0.051,-0.012,-0.012,-0.114,2.495,0.969,1504,1493,1857,1505,-5.290,-4.330,27.066,1,81,0,-0.013,-0.005,-0.004,-0.022,-0.025,-0.019,0.073
54.866188000,2.729706000,2.969849,43,98.794708,2110,0.0020,-0.089,2.515,0.896,0.003,0.005,0.017,0.028,-0.047,0.037,-0.048,-0.034,-0.034,-0.114,2.495,0.969,1504,1494,1857,1505,-5.315,-4.349,27.157,1,81,0,-0.013,-0.005,-0.003,-0.021,-0.025,-0.019,0.073
54.876738000,2.740256000,2.979980,43,84.788879,2111,0.0004,-0.089,2.515,0.896,0.001,0.003,0.017,0.028,-0.047,0.036,-0.045,-0.014,-0.036,-0.114,2.495,0.969,1504,1495,1857,1505,-5.340,-4.368,27.248,1,81,0,-0.013,-0.005,-0.001,-0.019,-0.025,-0.019,0.073
54.889915000,2.753433000,2.989990,43,94.858658,2112,0.0032,-0.089,2.515,0.897,-0.001,0.002,0.018,0.028,-0.046,0.036,-0.024,-0.002,-0.039,-0.114,2.495,0.969,1504,1495,1856,1505,-5.365,-4.387,27.338,1,81,0,-0.013,-0.005,0.001,-0.017,-0.025,-0.019,0.072
54.894564000,2.758082000,3.000244,43,75.935913,2113,-0.0056,-0.089,2.514,0.897,-0.002,0.001,0.020,0.029,-0.046,0.036,-0.004,-0.001,-0.037,-0.114,2.495,0.969,1504,1496,1855,1504,-5.390,-4.406,27.428,1,81,0,-0.013,-0.005,0.002,-0.016,-0.025,-0.019,0.072
54.906200000,2.769718000,3.009155,43,215.470810,2114,0.0027,-0.089,2.514,0.897,-0.003,-0.000,0.021,0.030,-0.046,0.036,0.013,0.008,-0.020,-0.114,2.495,0.969,1503,1497,1855,1505,-5.415,-4.425,27.518,1,81,0,-0.012,-0.005,0.003,-0.015,-0.025,-0.019,0.072
54.914391000,2.777909000,3.020020,43,85.999313,2115,-0.0027,-0.090,2.514,0.897,-0.004,-0.001,0.019,0.030,-0.047,0.036,0.030,-0.008,-0.014,-0.114,2.495,0.969,1503,1497,1855,1505,-5.440,-4.444,27.608,1,81,0,-0.012,-0.005,0.004,-0.014,-0.025,-0.019,0.072
54.931146000,2.794664000,3.029907,43,122.174713,2116,0.0069,-0.090,2.514,0.897,-0.004,-0.001,0.017,0.031,-0.048,0.036,0.048,-0.052,-0.005,-0.114,2.495,0.969,1503,1497,1856,1505,-5.465,-4.463,27.698,1,81,0,-0.012,-0.005,0.004,-0.013,-0.025,-0.019,0.072
54.937868000,2.801386000,3.039307,43,59.712189,2117,-0.0027,-0.090,2.514,0.898,-0.005,-0.001,0.017,0.033,-0.050,0.036,0.069,-0.080,0.001,-0.114,2.495,0.969,1503,1497,1855,1505,-5.489,-4.482,27.787,1,81,0,-0.012,-0.005,0.005,-0.013,-0.025,-0.019,0.071
54.950585000,2.814103000,3.050049,43,148.942505,2118,0.0020,-0.090,2.514,0.898,-0.006,-0.002,0.016,0.033,-0.051,0.037,0.069,-0.079,0.011,-0.114,2.495,0.969,1503,1498,1855,1505,-5.514,-4.501,27.876,1,81,0,-0.012,-0.006,0.006,-0.012,-0.025,-0.019,0.071
54.958612000,2.822130000,3.059814,43,78.672020,2119,-0.0017,-0.090,2.514,0.898,-0.007,-0.002,0.016,0.035,-0.051,0.037,0.083,-0.066,0.017,-0.114,2.495,0.969,1503,1498,1855,1505,-5.539,-4.520,27.965,1,81,0,-0.012,-0.006,0.007,-0.011,-0.025,-0.019,0.071
54.966696000,2.830214000,3.069946,43,124.672737,2120,-0.0021,-0.090,2.514,0.898,-0.008,-0.001,0.015,0.036,-0.052,0.038,0.093,-0.064,0.021,-0.114,2.495,0.969,1503,1499,1856,1505,-5.563,-4.539,28.054,1,81,0,-0.012,-0.006,0.008,-0.010,-0.024,-0.019,0.071
54.977500000,2.841018000,3.079956,43,123.793015,2121,0.0008,-0.090,2.514,0.898,-0.008,-0.002,0.015,0.037,-0.051,0.038,0.099,-0.033,0.031,-0.114,2.495,0.969,1503,1499,1856,1505,-5.587,-4.558,28.142,1,81,0,-0.012,-0.006,0.008,-0.009,-0.024,-0.019,0.071
54.987825000,2.851343000,3.089478,43,92.626900,2122,0.0008,-0.090,2.514,0.898,-0.009,-0.001,0.014,0.039,-0.051,0.039,0.119,-0.026,0.035,-0.114,2.495,0.969,1503,1500,1857,1505,-5.612,-4.577,28.231,1,81,0,-0.012,-0.006,0.009,-0.009,-0.024,-0.019,0.071
54.996016000,2.859534000,3.099854,43,96.927399,2123,-0.0022,-0.090,2.514,0.898,-0.008,-0.001,0.012,0.040,-0.052,0.039,0.124,-0.036,0.030,-0.114,2.495,0.969,1503,1499,1857,1505,-5.636,-4.595,28.319,1,81,0,-0.012,-0.006,0.008,-0.010,-0.024,-0.019,0.071
55.004287000,2.867805000,3.109863,43,122.159782,2124,-0.0017,-0.090,2.514,0.898,-0.007,-0.002,0.011,0.042,-0.052,0.039,0.128,-0.039,0.026,-0.114,2.495,0.969,1503,1499,1858,1505,-5.660,-4.614,28.408,1,81,0,-0.012,-0.006,0.007,-0.011,-0.024,-0.019,0.071
55.016229000,2.879747000,3.119995,43,121.036072,2125,0.0018,-0.090,2.514,0.898,-0.007,-0.002,0.009,0.042,-0.052,0.039,0.117,-0.026,0.025,-0.114,2.495,0.969,1503,1499,1858,1505,-5.684,-4.633,28.496,1,81,0,-0.012,-0.006,0.007,-0.011,-0.024,-0.019,0.071
55.026572000,2.890090000,3.129761,43,83.787178,2126,0.0006,-0.090,2.514,0.899,-0.007,-0.004,0.010,0.043,-0.052,0.039,0.090,-0.017,0.016,-0.114,2.495,0.969,1503,1499,1858,1505,-5.708,-4.652,28.584,1,81,0,-0.012,-0.006,0.007,-0.010,-0.024,-0.019,0.071
55.036803000,2.900321000,3.138550,43,96.767952,2127,0.0014,-0.091,2.514,0.899,-0.012,-0.008,0.013,0.039,-0.051,0.039,-0.038,0.016,0.009,-0.114,2.495,0.969,1502,1501,1856,1505,-5.732,-4.670,28.672,1,81,0,-0.012,-0.006,0.012,-0.005,-0.024,-0.019,0.070
55.047015000,2.910533000,3.150024,43,97.799515,2128,-0.0013,-0.091,2.514,0.899,-0.009,-0.009,0.011,0.042,-0.052,0.039,0.033,-0.014,0.014,-0.114,2.495,0.969,1502,1499,1857,1505,-5.756,-4.689,28.760,1,81,0,-0.012,-0.006,0.009,-0.009,-0.024,-0.018,0.070
55.054354000,2.917872000,3.160034,43,97.991180,2129,-0.0027,-0.091,2.514,0.899,-0.009,-0.010,0.009,0.042,-0.054,0.040,0.031,-0.049,0.030,-0.114,2.495,0.969,1502,1499,1857,1505,-5.779,-4.707,28.848,1,81,0,-0.012,-0.006,0.009,-0.009,-0.024,-0.018,0.070
55.064517000,2.928035000,3.169922,43,136.388428,2130,0.0003,-0.091,2.514,0.899,-0.008,-0.012,0.009,0.042,-0.054,0.041,0.018,-0.044,0.051,-0.114,2.495,0.969,1501,1499,1857,1505,-5.803,-4.725,28.935,1,81,0,-0.012,-0.006,0.008,-0.009,-0.024,-0.018,0.070
55.075967000,2.939485000,3.179199,43,98.463959,2131,0.0022,-0.091,2.513,0.899,-0.009,-0.013,0.011,0.041,-0.054,0.042,-0.002,-0.037,0.059,-0.114,2.495,0.969,1501,1499,1858,1506,-5.826,-4.743,29.023,1,81,0,-0.012,-0.006,0.009,-0.009,-0.024,-0.018,0.070
55.097208000,2.960726000,3.189697,43,87.397308,2132,0.0107,-0.091,2.513,0.899,-0.008,-0.015,0.011,0.041,-0.054,0.042,-0.009,-0.023,0.058,-0.114,2.495,0.969,1500,1499,1858,1506,-5.850,-4.761,29.110,1,81,0,-0.012,-0.006,0.008,-0.009,-0.023,-0.018,0.070
55.108485000,2.972003000,3.200439,43,47.094284,2133,0.0005,-0.091,2.513,0.899,-0.007,-0.017,0.010,0.041,-0.054,0.042,-0.002,-0.022,0.043,-0.114,2.495,0.969,1500,1499,1858,1506,-5.873,-4.778,29.197,1,81,0,-0.012,-0.006,0.007,-0.010,-0.023,-0.017,0.070
55.108843000,2.972361000,3.209839,43,88.731148,2134,-0.0090,-0.091,2.513,0.899,-0.007,-0.019,0.011,0.042,-0.055,0.042,0.019,-0.028,0.026,-0.114,2.495,0.969,1500,1498,1857,1506,-5.897,-4.795,29.284,1,81,0,-0.012,-0.006,0.007,-0.011,-0.023,-0.017,0.070
55.119386000,2.982904000,3.220093,43,2857.142822,2135,0.0003,-0.091,2.512,0.900,-0.006,-0.021,0.012,0.042,-0.054,0.042,0.025,-0.013,0.019,-0.114,2.495,0.969,1499,1498,1857,1505,-5.920,-4.812,29.371,1,81,0,-0.012,-0.006,0.006,-0.011,-0.023,-0.017,0.070
55.128042000,2.991560000,3.229736,43,94.885666,2136,-0.0010,-0.091,2.512,0.900,-0.007,-0.024,0.013,0.042,-0.056,0.042,0.021,-0.043,0.008,-0.114,2.495,0.969,1499,1498,1856,1505,-5.943,-4.829,29.458,1,81,0,-0.012,-0.006,0.007,-0.011,-0.023,-0.017,0.069
55.135601000,2.999119000,3.239990,43,115.620300,2137,-0.0027,-0.091,2.512,0.900,-0.006,-0.026,0.013,0.042,-0.057,0.042,0.008,-0.068,0.001,-0.114,2.495,0.969,1498,1498,1856,1505,-5.966,-4.845,29.545,1,81,0,-0.012,-0.006,0.006,-0.011,-0.023,-0.016,0.069
55.147571000,3.011089000,3.250000,43,132.380203,2138,0.0020,-0.091,2.511,0.900,-0.007,-0.027,0.013,0.042,-0.058,0.041,0.014,-0.069,-0.014,-0.114,2.495,0.969,1498,1499,1856,1505,-5.989,-4.861,29.631,1,81,0,-0.012,-0.006,0.007,-0.010,-0.023,-0.016,0.069
55.161604000,3.025122000,3.260010,43,83.605049,2139,0.0040,-0.091,2.511,0.900,-0.007,-0.030,0.013,0.042,-0.058,0.041,0.015,-0.060,-0.017,-0.114,2.495,0.969,1497,1499,1856,1505,-6.012,-4.877,29.717,1,81,0,-0.012,-0.006,0.007,-0.010,-0.023,-0.016,0.069
55.173413000,3.036931000,3.269897,43,71.301247,2140,0.0019,-0.091,2.511,0.900,-0.007,-0.033,0.014,0.043,-0.058,0.041,0.017,-0.033,-0.008,-0.114,2.495,0.969,1497,1498,1855,1505,-6.035,-4.892,29.803,1,81,0,-0.011,-0.006,0.007,-0.011,-0.023,-0.015,0.069
55.181155000,3.044673000,3.279541,43,84.724220,2141,-0.0019,-0.091,2.510,0.900,-0.006,-0.035,0.014,0.043,-0.058,0.041,0.013,-0.033,-0.013,-0.114,2.495,0.969,1496,1498,1855,1505,-6.058,-4.907,29.889,1,81,0,-0.011,-0.006,0.006,-0.011,-0.023,-0.015,0.069
55.199705000,3.063223000,3.288818,43,129.265778,2142,0.0093,-0.092,2.510,0.901,-0.006,-0.037,0.014,0.044,-0.058,0.041,0.031,-0.041,-0.008,-0.114,2.495,0.969,1496,1498,1855,1505,-6.081,-4.921,29.975,1,81,0,-0.011,-0.006,0.006,-0.012,-0.023,-0.014,0.069
55.202869000,3.066387000,3.299683,43,53.922890,2143,-0.0077,-0.092,2.510,0.901,-0.004,-0.035,0.011,0.045,-0.061,0.041,0.057,-0.093,-0.004,-0.114,2.495,0.969,1496,1497,1857,1505,-6.104,-4.935,30.060,1,81,0,-0.011,-0.006,0.004,-0.013,-0.023,-0.014,0.069
55.204442000,3.067960000,3.310059,43,316.756409,2144,-0.0088,-0.092,2.509,0.901,-0.004,-0.032,0.009,0.046,-0.063,0.042,0.070,-0.117,0.011,-0.114,2.495,0.969,1497,1497,1858,1505,-6.127,-4.949,30.146,1,81,0,-0.011,-0.006,0.004,-0.013,-0.023,-0.014,0.068
55.218404000,3.081922000,3.319946,43,638.162109,2145,0.0041,-0.092,2.509,0.901,-0.002,-0.032,0.010,0.047,-0.064,0.041,0.085,-0.097,0.005,-0.114,2.495,0.969,1496,1496,1857,1505,-6.150,-4.963,30.231,1,81,0,-0.011,-0.006,0.002,-0.015,-0.023,-0.014,0.068
55.225842000,3.089360000,3.329956,43,71.664040,2146,-0.0026,-0.092,2.509,0.901,-0.006,-0.034,0.015,0.044,-0.061,0.040,-0.020,-0.018,-0.020,-0.114,2.495,0.969,1496,1498,1855,1505,-6.172,-4.976,30.316,1,81,0,-0.011,-0.006,0.006,-0.011,-0.023,-0.013,0.068
55.234940000,3.098458000,3.339966,43,134.607620,2147,-0.0009,-0.092,2.508,0.901,-0.002,-0.033,0.011,0.047,-0.063,0.040,0.064,-0.044,-0.025,-0.114,2.495,0.969,1496,1496,1856,1505,-6.195,-4.989,30.402,1,81,0,-0.011,-0.006,0.002,-0.015,-0.023,-0.013,0.068
55.247421000,3.110939000,3.350098,43,109.974709,2148,0.0023,-0.092,2.508,0.901,-0.002,-0.033,0.010,0.048,-0.064,0.040,0.073,-0.067,-0.020,-0.114,2.495,0.969,1496,1496,1857,1505,-6.218,-5.001,30.486,1,81,0,-0.011,-0.006,0.002,-0.016,-0.023,-0.012,0.068
55.257863000,3.121381000,3.359863,43,80.173172,2149,0.0007,-0.092,2.508,0.901,-0.006,-0.036,0.014,0.044,-0.064,0.040,-0.046,-0.054,-0.014,-0.114,2.495,0.969,1496,1498,1855,1505,-6.241,-5.013,30.571,1,81,0,-0.011,-0.006,0.006,-0.011,-0.023,-0.012,0.068
55.268010000,3.131528000,3.369995,43,95.812973,2150,0.0000,-0.092,2.507,0.902,-0.006,-0.036,0.015,0.044,-0.067,0.040,-0.038,-0.107,-0.002,-0.114,2.495,0.969,1495,1498,1854,1505,-6.263,-5.025,30.656,1,81,0,-0.011,-0.006,0.006,-0.011,-0.023,-0.012,0.068
55.275176000,3.138694000,3.380127,43,98.629059,2151,-0.0030,-0.092,2.507,0.902,-0.006,-0.036,0.015,0.044,-0.067,0.041,-0.029,-0.085,0.020,-0.114,2.495,0.969,1495,1498,1854,1505,-6.286,-5.036,30.740,1,81,0,-0.011,-0.006,0.006,-0.011,-0.022,-0.011,0.067
55.286889000,3.150407000,3.389893,43,139.645294,2152,0.0019,-0.092,2.506,0.902,-0.008,-0.036,0.016,0.043,-0.066,0.042,-0.048,-0.032,0.042,-0.114,2.495,0.969,1495,1499,1854,1506,-6.308,-5.047,30.824,1,81,0,-0.011,-0.006,0.008,-0.010,-0.022,-0.011,0.067
55.302260000,3.165778000,3.400024,43,85.426277,2153,0.0052,-0.092,2.506,0.902,-0.003,-0.036,0.013,0.047,-0.066,0.042,0.068,-0.037,0.022,-0.114,2.495,0.969,1495,1496,1855,1505,-6.330,-5.058,30.908,1,81,0,-0.011,-0.006,0.003,-0.015,-0.022,-0.011,0.067
55.311701000,3.175219000,3.410034,43,65.091454,2154,-0.0006,-0.092,2.506,0.902,-0.000,-0.036,0.013,0.049,-0.068,0.042,0.099,-0.073,0.005,-0.114,2.495,0.969,1495,1495,1855,1505,-6.353,-5.068,30.992,1,81,0,-0.011,-0.006,0.000,-0.017,-0.023,-0.010,0.067
55.317845000,3.181363000,3.419800,43,105.999573,2155,-0.0036,-0.092,2.505,0.902,-0.000,-0.037,0.014,0.050,-0.069,0.041,0.095,-0.088,-0.006,-0.114,2.495,0.969,1495,1495,1855,1505,-6.375,-5.078,31.075,1,81,0,-0.011,-0.006,0.000,-0.017,-0.023,-0.010,0.067
55.323526000,3.187044000,3.429199,43,162.919525,2156,-0.0037,-0.092,2.505,0.902,-0.001,-0.038,0.015,0.050,-0.071,0.042,0.062,-0.101,0.016,-0.114,2.495,0.969,1495,1495,1854,1505,-6.398,-5.087,31.159,1,81,0,-0.011,-0.006,0.001,-0.017,-0.023,-0.009,0.067
55.336464000,3.199982000,3.440063,43,176.273575,2157,0.0021,-0.092,2.504,0.903,-0.004,-0.040,0.020,0.045,-0.070,0.043,-0.062,-0.059,0.030,-0.114,2.495,0.969,1494,1497,1852,1506,-6.420,-5.096,31.241,1,81,0,-0.011,-0.006,0.004,-0.013,-0.022,-0.009,0.066
55.344290000,3.207808000,3.449951,43,77.333542,2158,-0.0021,-0.092,2.504,0.903,-0.005,-0.044,0.024,0.045,-0.071,0.042,-0.058,-0.063,0.015,-0.114,2.495,0.969,1493,1498,1851,1506,-6.443,-5.105,31.324,1,81,0,-0.011,-0.006,0.005,-0.013,-0.022,-0.008,0.066
55.357139000,3.220657000,3.459839,43,127.877235,2159,0.0030,-0.092,2.503,0.903,-0.005,-0.048,0.026,0.044,-0.070,0.043,-0.050,-0.041,0.022,-0.114,2.495,0.969,1493,1498,1849,1506,-6.465,-5.113,31.406,1,81,0,-0.011,-0.006,0.005,-0.013,-0.022,-0.008,0.066
55.367616000,3.231134000,3.470459,43,77.875557,2160,-0.0002,-0.092,2.503,0.904,-0.002,-0.047,0.026,0.046,-0.071,0.042,-0.000,-0.048,-0.014,-0.114,2.495,0.969,1492,1496,1849,1505,-6.487,-5.120,31.488,1,81,0,-0.011,-0.006,0.002,-0.015,-0.022,-0.007,0.065
55.382662000,3.246180000,3.479736,43,95.520103,2161,0.0058,-0.092,2.502,0.904,0.001,-0.050,0.027,0.048,-0.073,0.040,0.048,-0.074,-0.049,-0.114,2.495,0.969,1492,1495,1848,1505,-6.510,-5.127,31.569,1,81,0,-0.011,-0.007,-0.001,-0.019,-0.022,-0.007,0.065
55.390608000,3.254126000,3.489990,43,66.489365,2162,-0.0023,-0.092,2.502,0.904,0.006,-0.051,0.024,0.051,-0.074,0.039,0.128,-0.091,-0.056,-0.114,2.495,0.969,1492,1492,1849,1505,-6.532,-5.133,31.650,1,81,0,-0.011,-0.007,-0.006,-0.024,-0.023,-0.006,0.065
55.404409000,3.267927000,3.499512,43,125.944588,2163,0.0043,-0.092,2.501,0.904,0.007,-0.054,0.025,0.052,-0.075,0.040,0.113,-0.101,-0.024,-0.114,2.495,0.969,1491,1491,1849,1505,-6.555,-5.139,31.731,1,81,0,-0.011,-0.007,-0.007,-0.025,-0.023,-0.006,0.065
55.416865000,3.280383000,3.510010,43,72.484779,2164,0.0020,-0.092,2.501,0.905,0.007,-0.053,0.025,0.051,-0.077,0.041,0.070,-0.114,0.017,-0.114,2.495,0.969,1491,1492,1848,1505,-6.578,-5.144,31.812,1,81,0,-0.011,-0.007,-0.007,-0.025,-0.023,-0.005,0.064
55.417211000,3.280729000,3.520020,43,80.327736,2165,-0.0097,-0.092,2.500,0.905,0.007,-0.055,0.027,0.050,-0.079,0.042,0.021,-0.128,0.033,-0.114,2.495,0.969,1491,1491,1847,1506,-6.600,-5.148,31.892,1,81,0,-0.011,-0.007,-0.007,-0.025,-0.023,-0.005,0.064
55.427048000,3.290566000,3.529907,43,2932.551270,2166,-0.0001,-0.091,2.499,0.905,0.006,-0.057,0.028,0.049,-0.080,0.042,-0.025,-0.133,0.024,-0.114,2.495,0.969,1490,1492,1846,1506,-6.623,-5.152,31.971,1,81,0,-0.011,-0.007,-0.006,-0.025,-0.023,-0.004,0.064
55.436227000,3.299745000,3.539917,43,101.688019,2167,-0.0008,-0.091,2.499,0.906,0.006,-0.059,0.030,0.047,-0.082,0.043,-0.047,-0.157,0.033,-0.114,2.495,0.969,1490,1492,1846,1506,-6.646,-5.156,32.051,1,81,0,-0.011,-0.007,-0.006,-0.024,-0.023,-0.003,0.063
55.446950000,3.310468000,3.550049,43,109.039360,2168,0.0006,-0.091,2.498,0.906,0.007,-0.060,0.032,0.047,-0.084,0.044,-0.057,-0.169,0.046,-0.114,2.495,0.969,1489,1492,1845,1506,-6.669,-5.158,32.130,1,81,0,-0.012,-0.007,-0.007,-0.025,-0.023,-0.003,0.063
55.454677000,3.318195000,3.559814,43,93.327110,2169,-0.0020,-0.091,2.498,0.906,0.006,-0.059,0.032,0.045,-0.085,0.044,-0.095,-0.130,0.052,-0.114,2.495,0.969,1489,1492,1845,1506,-6.692,-5.160,32.208,1,81,0,-0.012,-0.007,-0.006,-0.025,-0.023,-0.002,0.063
55.464485000,3.328003000,3.570068,43,129.550461,2170,-0.0005,-0.091,2.497,0.907,0.007,-0.058,0.032,0.043,-0.083,0.044,-0.099,-0.064,0.022,-0.114,2.495,0.969,1489,1492,1844,1506,-6.716,-5.162,32.286,1,81,0,-0.012,-0.007,-0.007,-0.025,-0.023,-0.002,0.062
55.480642000,3.344160000,3.579956,43,102.040817,2171,0.0063,-0.091,2.496,0.907,0.007,-0.059,0.034,0.043,-0.082,0.042,-0.096,-0.017,-0.020,0.286,2.495,0.969,1489,1541,1843,1505,-6.339,-5.163,32.363,1,81,0,0.188,-0.006,-0.007,0.175,0.377,-0.001,0.062
55.487694000,3.351212000,3.589600,43,61.923340,2172,-0.0026,-0.091,2.496,0.907,0.007,-0.060,0.035,0.042,-0.080,0.042,-0.082,0.026,-0.021,0.286,2.495,0.969,1489,1542,1842,1505,-5.962,-5.163,32.440,1,81,0,0.188,-0.006,-0.007,0.176,0.377,-0.000,0.062
55.506467000,3.369985000,3.600098,43,141.904358,2173,0.0083,-0.091,2.495,0.908,0.007,-0.058,0.035,0.041,-0.080,0.042,-0.097,0.032,-0.007,0.286,2.495,0.969,1489,1542,1842,1505,-5.586,-5.163,32.517,1,81,0,0.188,-0.006,-0.007,0.176,0.377,0.000,0.061
55.522158000,3.385676000,3.610352,43,53.285023,2174,0.0054,-0.091,2.495,0.908,0.008,-0.059,0.039,0.038,-0.083,0.043,-0.138,-0.049,0.016,0.286,2.495,0.969,1489,1541,1840,1506,-5.209,-5.162,32.593,1,81,0,0.188,-0.005,-0.008,0.175,0.376,0.001,0.061
55.522504000,3.386022000,3.620117,43,63.763309,2175,-0.0094,-0.091,2.494,0.909,0.007,-0.058,0.035,0.037,-0.081,0.045,-0.123,0.005,0.050,0.286,2.495,0.969,1489,1542,1841,1506,-4.833,-5.160,32.669,1,81,0,0.188,-0.005,-0.007,0.176,0.376,0.001,0.061
55.526554000,3.390072000,3.630005,43,2941.176514,2176,-0.0058,-0.091,2.493,0.909,0.009,-0.061,0.036,0.035,-0.082,0.046,-0.147,-0.017,0.063,0.286,2.495,0.969,1488,1541,1840,1506,-4.456,-5.158,32.744,1,81,0,0.188,-0.004,-0.009,0.175,0.376,0.002,0.060
55.534352000,3.397870000,3.640137,43,247.096619,2177,-0.0023,-0.091,2.493,0.909,0.011,-0.064,0.036,0.033,-0.083,0.047,-0.150,-0.035,0.090,0.286,2.495,0.969,1487,1540,1840,1506,-4.080,-5.155,32.818,1,81,0,0.188,-0.004,-0.011,0.173,0.376,0.003,0.060
55.545601000,3.409119000,3.649902,43,128.336761,2178,0.0015,-0.090,2.492,0.910,0.011,-0.066,0.037,0.032,-0.085,0.048,-0.150,-0.074,0.093,0.286,2.495,0.969,1487,1540,1839,1506,-3.704,-5.152,32.893,1,81,0,0.188,-0.004,-0.011,0.173,0.376,0.004,0.059
55.557519000,3.421037000,3.660034,43,88.960060,2179,0.0018,-0.090,2.491,0.910,0.012,-0.070,0.036,0.030,-0.086,0.048,-0.157,-0.082,0.062,0.286,2.495,0.969,1486,1540,1839,1506,-3.328,-5.147,32.966,1,81,0,0.188,-0.003,-0.012,0.173,0.376,0.004,0.059
55.566605000,3.430123000,3.669922,43,83.948959,2180,-0.0008,-0.090,2.490,0.910,0.011,-0.078,0.037,0.029,-0.086,0.046,-0.141,-0.059,0.003,0.286,2.495,0.969,1484,1540,1839,1506,-2.953,-5.142,33.040,1,81,0,0.188,-0.003,-0.011,0.174,0.376,0.005,0.059
55.574461000,3.437979000,3.679932,43,110.144287,2181,-0.0022,-0.090,2.489,0.911,0.010,-0.084,0.039,0.028,-0.088,0.045,-0.130,-0.086,-0.043,0.286,2.495,0.969,1483,1541,1838,1506,-2.577,-5.136,33.112,1,81,0,0.188,-0.003,-0.010,0.175,0.376,0.006,0.058
55.584695000,3.448213000,3.690063,43,127.372307,2182,0.0001,-0.090,2.488,0.911,0.012,-0.086,0.037,0.029,-0.089,0.043,-0.090,-0.090,-0.082,0.286,2.495,0.969,1482,1540,1838,1505,-2.201,-5.128,33.185,1,81,0,0.188,-0.002,-0.012,0.174,0.376,0.007,0.058
55.609040000,3.472558000,3.697632,43,97.789948,2183,0.0168,-0.090,2.487,0.911,0.014,-0.096,0.031,0.030,-0.087,0.044,-0.012,-0.022,-0.025,0.286,2.495,0.969,1480,1539,1840,1506,-1.826,-5.120,33.257,1,81,0,0.188,-0.002,-0.014,0.171,0.375,0.008,0.058
55.616047000,3.479565000,3.709229,43,41.089699,2184,-0.0046,-0.090,2.486,0.911,0.016,-0.092,0.025,0.032,-0.089,0.043,0.035,-0.047,-0.032,0.286,2.495,0.969,1481,1538,1842,1506,-1.451,-5.111,33.329,1,81,0,0.188,-0.001,-0.016,0.170,0.375,0.009,0.058
55.616327000,3.479845000,3.719849,43,142.836731,2185,-0.0103,-0.089,2.485,0.912,0.018,-0.093,0.022,0.032,-0.089,0.043,0.025,-0.056,-0.021,0.286,2.495,0.969,1481,1537,1843,1506,-1.076,-5.100,33.401,1,81,0,0.187,-0.001,-0.018,0.169,0.375,0.010,0.058
55.629374000,3.492892000,3.729980,43,3636.363525,2186,0.0029,-0.089,2.484,0.912,0.015,-0.096,0.021,0.032,-0.089,0.044,0.004,-0.023,-0.007,0.286,2.495,0.969,1480,1539,1843,1506,-0.701,-5.089,33.473,1,81,0,0.187,-0.001,-0.015,0.172,0.375,0.011,0.057
55.637599000,3.501117000,3.739990,43,76.663597,2187,-0.0018,-0.089,2.483,0.912,0.011,-0.101,0.019,0.029,-0.088,0.042,-0.065,-0.003,-0.033,0.286,2.495,0.969,1479,1541,1844,1505,-0.326,-5.077,33.544,1,81,0,0.187,-0.000,-0.011,0.176,0.375,0.012,0.057
55.645532000,3.509050000,3.750000,43,121.669304,2188,-0.0021,-0.089,2.482,0.912,0.006,-0.106,0.016,0.026,-0.087,0.043,-0.134,0.027,-0.007,0.286,2.495,0.969,1477,1543,1845,1506,0.049,-5.063,33.616,1,81,0,0.187,0.000,-0.006,0.181,0.375,0.014,0.057
55.660928000,3.524446000,3.759644,43,126.135216,2189,0.0057,-0.089,2.481,0.912,0.005,-0.109,0.011,0.024,-0.089,0.044,-0.141,-0.025,0.013,0.286,2.495,0.969,1477,1544,1846,1506,0.424,-5.048,33.687,1,81,0,0.187,0.000,-0.005,0.183,0.375,0.015,0.057
55.674512000,3.538030000,3.770020,43,64.977257,2190,0.0032,-0.089,2.479,0.912,0.002,-0.109,0.008,0.022,-0.089,0.045,-0.161,-0.028,0.033,0.286,2.495,0.969,1476,1545,1848,1506,0.799,-5.032,33.759,1,81,0,0.187,0.001,-0.002,0.186,0.375,0.016,0.057
55.675390000,3.538908000,3.780029,43,73.659401,2191,-0.0091,-0.089,2.478,0.912,0.000,-0.109,0.005,0.020,-0.089,0.044,-0.168,-0.016,0.010,0.286,2.495,0.969,1476,1547,1849,1506,1.174,-5.015,33.830,1,81,0,0.188,0.001,-0.000,0.188,0.375,0.017,0.057
55.684535000,3.548053000,3.790283,43,1145.475342,2192,-0.0011,-0.089,2.477,0.912,0.002,-0.109,0.004,0.018,-0.091,0.042,-0.165,-0.060,-0.040,0.286,2.495,0.969,1476,1546,1849,1505,1.549,-4.997,33.902,1,81,0,0.187,0.002,-0.002,0.187,0.375,0.018,0.057
55.695083000,3.558601000,3.800049,43,109.397224,2193,0.0008,-0.090,2.476,0.912,-0.003,-0.106,-0.004,0.019,-0.087,0.043,-0.107,0.050,-0.017,0.286,2.495,0.969,1476,1549,1852,1506,1.924,-4.978,33.974,1,81,0,0.188,0.002,0.003,0.193,0.375,0.019,0.058
55.709270000,3.572788000,3.809814,43,94.876663,2194,0.0044,-0.089,2.475,0.911,0.001,-0.101,-0.010,0.023,-0.086,0.042,0.038,0.064,-0.044,0.286,2.495,0.969,1477,1547,1855,1505,2.299,-4.958,34.046,1,81,0,0.188,0.002,-0.001,0.189,0.375,0.020,0.058
55.717525000,3.581043000,3.819946,43,70.516891,2195,-0.0019,-0.089,2.475,0.911,0.006,-0.096,-0.016,0.031,-0.084,0.041,0.207,0.092,-0.054,0.286,2.495,0.969,1478,1544,1858,1505,2.674,-4.937,34.119,1,81,0,0.187,0.003,-0.006,0.184,0.375,0.021,0.058
55.725350000,3.588868000,3.829956,43,121.226814,2196,-0.0022,-0.089,2.474,0.911,0.006,-0.092,-0.019,0.035,-0.082,0.041,0.256,0.132,-0.044,0.286,2.495,0.969,1479,1544,1860,1505,3.048,-4.915,34.192,1,81,0,0.187,0.003,-0.006,0.185,0.375,0.022,0.058
55.735241000,3.598759000,3.839844,43,127.877235,2197,-0.0000,-0.089,2.473,0.910,0.005,-0.088,-0.023,0.036,-0.079,0.041,0.230,0.167,-0.031,0.286,2.495,0.969,1479,1544,1861,1505,3.423,-4.893,34.265,1,81,0,0.187,0.003,-0.005,0.185,0.375,0.022,0.059
55.750200000,3.613718000,3.850220,43,101.173615,2198,0.0046,-0.089,2.472,0.910,0.006,-0.084,-0.025,0.036,-0.078,0.041,0.179,0.158,-0.021,0.286,2.495,0.969,1480,1544,1862,1505,3.798,-4.870,34.339,1,81,0,0.187,0.004,-0.006,0.185,0.375,0.023,0.059
55.754415000,3.617933000,3.859985,43,66.885155,2199,-0.0056,-0.089,2.471,0.910,0.006,-0.086,-0.027,0.034,-0.077,0.043,0.073,0.146,0.031,0.286,2.495,0.969,1479,1545,1863,1506,4.172,-4.846,34.414,1,81,0,0.187,0.004,-0.006,0.186,0.375,0.024,0.059
55.765432000,3.628950000,3.869629,43,237.699066,2200,0.0014,-0.089,2.471,0.909,0.003,-0.085,-0.029,0.031,-0.074,0.044,-0.037,0.168,0.055,0.286,2.495,0.969,1479,1546,1864,1506,4.547,-4.821,34.488,1,81,0,0.187,0.005,-0.003,0.189,0.375,0.025,0.060
55.779002000,3.642520000,3.879761,43,90.826523,2201,0.0034,-0.089,2.470,0.909,0.001,-0.084,-0.031,0.026,-0.073,0.044,-0.131,0.165,0.047,0.286,2.495,0.969,1479,1547,1866,1506,4.922,-4.796,34.563,1,81,0,0.187,0.005,-0.001,0.191,0.375,0.026,0.060
55.785388000,3.648906000,3.889771,43,73.730003,2202,-0.0036,-0.089,2.469,0.909,-0.005,-0.087,-0.028,0.018,-0.071,0.046,-0.304,0.168,0.082,0.286,2.495,0.969,1479,1550,1865,1506,5.297,-4.769,34.639,1,81,0,0.187,0.005,0.005,0.197,0.375,0.027,0.060
55.795670000,3.659188000,3.900024,43,156.764389,2203,0.0000,-0.089,2.468,0.908,0.002,-0.084,-0.033,0.021,-0.072,0.046,-0.147,0.116,0.066,0.286,2.495,0.969,1479,1547,1867,1506,5.671,-4.742,34.715,1,81,0,0.187,0.006,-0.002,0.191,0.375,0.027,0.061
55.806008000,3.669526000,3.909790,43,97.342552,2204,0.0006,-0.089,2.467,0.908,0.002,-0.086,-0.034,0.022,-0.071,0.046,-0.095,0.098,0.040,0.286,2.495,0.969,1479,1547,1868,1506,6.046,-4.714,34.791,1,81,0,0.187,0.006,-0.002,0.192,0.375,0.028,0.061
55.815605000,3.679123000,3.920044,43,96.805420,2205,-0.0007,-0.089,2.466,0.908,0.001,-0.085,-0.033,0.022,-0.069,0.045,-0.070,0.118,0.002,0.286,2.495,0.969,1479,1547,1868,1506,6.421,-4.685,34.868,1,81,0,0.187,0.006,-0.001,0.192,0.375,0.029,0.061
55.824623000,3.688141000,3.929932,43,104.275284,2206,-0.0009,-0.089,2.466,0.907,-0.000,-0.082,-0.035,0.022,-0.066,0.044,-0.045,0.164,-0.025,0.286,2.495,0.969,1479,1548,1869,1506,6.795,-4.655,34.946,1,81,0,0.187,0.007,0.000,0.194,0.375,0.030,0.062
55.835227000,3.698745000,3.939331,43,110.987793,2207,0.0012,-0.089,2.465,0.907,-0.001,-0.080,-0.034,0.023,-0.064,0.044,-0.024,0.183,-0.012,0.286,2.495,0.969,1479,1549,1870,1506,7.170,-4.624,35.023,1,81,0,0.187,0.007,0.001,0.196,0.375,0.030,0.062
55.844894000,3.708412000,3.949951,43,94.357430,2208,-0.0010,-0.089,2.464,0.907,0.001,-0.076,-0.033,0.025,-0.063,0.044,0.034,0.154,0.003,0.286,2.495,0.969,1480,1548,1870,1506,7.545,-4.593,35.101,1,81,0,0.187,0.008,-0.001,0.194,0.375,0.031,0.063
55.858563000,3.722081000,3.959595,43,103.498238,2209,0.0040,-0.089,2.464,0.906,0.004,-0.075,-0.034,0.029,-0.064,0.045,0.138,0.104,0.012,0.286,2.495,0.969,1480,1546,1871,1506,7.919,-4.561,35.180,1,81,0,0.187,0.008,-0.004,0.191,0.375,0.032,0.063
55.864642000,3.728160000,3.969971,43,73.201080,2210,-0.0043,-0.089,2.463,0.906,0.006,-0.070,-0.033,0.034,-0.064,0.043,0.209,0.082,-0.043,0.286,2.495,0.969,1481,1545,1871,1505,8.294,-4.529,35.259,1,81,0,0.187,0.008,-0.006,0.189,0.374,0.032,0.063
55.875771000,3.739289000,3.979004,43,164.663269,2211,0.0021,-0.089,2.462,0.906,0.008,-0.071,-0.032,0.037,-0.063,0.040,0.262,0.067,-0.102,0.286,2.495,0.969,1480,1544,1871,1505,8.668,-4.496,35.338,1,81,0,0.187,0.009,-0.008,0.188,0.374,0.033,0.063
55.887353000,3.750871000,3.987793,43,89.911888,2212,0.0028,-0.089,2.462,0.905,0.010,-0.073,-0.030,0.041,-0.063,0.038,0.295,0.060,-0.142,0.286,2.495,0.969,1480,1544,1870,1505,9.042,-4.462,35.418,1,81,0,0.187,0.009,-0.010,0.186,0.374,0.034,0.064
55.898105000,3.761623000,4.000000,43,86.393089,2213,-0.0015,-0.088,2.461,0.905,0.012,-0.068,-0.027,0.044,-0.063,0.036,0.293,0.046,-0.139,0.286,2.495,0.969,1481,1543,1870,1504,9.416,-4.428,35.498,1,81,0,0.187,0.009,-0.012,0.185,0.374,0.034,0.064
55.914346000,3.777864000,4.009888,43,93.049225,2214,0.0063,-0.088,2.460,0.905,0.010,-0.066,-0.021,0.041,-0.063,0.035,0.122,0.045,-0.144,0.286,2.495,0.969,1481,1544,1867,1504,9.790,-4.393,35.578,1,81,0,0.187,0.010,-0.010,0.187,0.374,0.035,0.064
55.917473000,3.780991000,4.020020,43,61.602909,2215,-0.0070,-0.088,2.460,0.905,0.017,-0.061,-0.022,0.045,-0.064,0.034,0.212,0.006,-0.130,0.286,2.495,0.969,1482,1540,1868,1504,10.163,-4.357,35.658,1,81,0,0.187,0.010,-0.017,0.180,0.374,0.035,0.064
55.925366000,3.788884000,4.030029,43,320.615570,2216,-0.0021,-0.088,2.459,0.905,0.018,-0.059,-0.021,0.047,-0.064,0.033,0.196,-0.003,-0.124,0.286,2.495,0.969,1482,1540,1868,1504,10.537,-4.321,35.738,1,81,0,0.187,0.011,-0.018,0.179,0.373,0.036,0.064
55.937009000,3.800527000,4.039917,43,126.774849,2217,0.0017,-0.088,2.459,0.905,0.018,-0.058,-0.018,0.047,-0.063,0.032,0.143,0.026,-0.105,0.286,2.495,0.969,1482,1540,1867,1504,10.910,-4.285,35.819,1,81,0,0.187,0.011,-0.018,0.180,0.373,0.037,0.064
55.944864000,3.808382000,4.049316,43,85.947571,2218,-0.0016,-0.088,2.458,0.905,0.012,-0.060,-0.009,0.040,-0.060,0.032,-0.086,0.102,-0.082,0.286,2.495,0.969,1482,1543,1864,1504,11.283,-4.247,35.899,1,81,0,0.187,0.011,-0.012,0.186,0.373,0.037,0.064
55.955341000,3.818859000,4.060059,43,127.420998,2219,-0.0003,-0.087,2.458,0.905,0.013,-0.058,-0.006,0.037,-0.059,0.031,-0.115,0.094,-0.089,0.286,2.495,0.969,1482,1543,1863,1504,11.656,-4.210,35.979,1,81,0,0.187,0.012,-0.013,0.186,0.373,0.038,0.064
55.965489000,3.829007000,4.069946,43,95.529228,2220,0.0003,-0.087,2.457,0.905,0.018,-0.056,-0.009,0.040,-0.060,0.029,-0.008,0.035,-0.110,0.286,2.495,0.969,1482,1540,1865,1503,12.029,-4.171,36.060,1,81,0,0.186,0.012,-0.018,0.181,0.373,0.038,0.064
55.975689000,3.839207000,4.079956,43,98.629059,2221,0.0002,-0.087,2.457,0.905,0.019,-0.054,-0.009,0.041,-0.062,0.029,0.010,-0.020,-0.098,0.286,2.495,0.969,1482,1540,1865,1503,12.401,-4.133,36.140,1,81,0,0.186,0.012,-0.019,0.180,0.372,0.039,0.064
55.984616000,3.848134000,4.089844,43,98.116173,2222,-0.0010,-0.087,2.456,0.905,0.020,-0.052,-0.006,0.040,-0.063,0.029,-0.020,-0.042,-0.052,0.286,2.495,0.969,1483,1539,1864,1504,12.773,-4.094,36.221,1,81,0,0.186,0.013,-0.020,0.179,0.372,0.039,0.064
55.995332000,3.858850000,4.099976,43,112.082489,2223,0.0006,-0.086,2.456,0.905,0.021,-0.050,-0.003,0.040,-0.064,0.029,-0.019,-0.044,-0.061,0.286,2.495,0.969,1483,1539,1863,1503,13.145,-4.054,36.301,1,81,0,0.186,0.013,-0.021,0.179,0.372,0.040,0.064
56.017459000,3.880977000,4.109985,43,93.388123,2224,0.0121,-0.086,2.455,0.905,0.020,-0.049,-0.001,0.040,-0.063,0.027,-0.008,-0.015,-0.084,0.286,2.495,0.969,1483,1539,1862,1503,13.517,-4.014,36.382,1,81,0,0.186,0.014,-0.020,0.179,0.372,0.040,0.064
56.017821000,3.881339000,4.119995,43,45.209999,2225,-0.0097,-0.086,2.455,0.905,0.019,-0.046,0.001,0.041,-0.062,0.025,0.024,0.026,-0.108,0.286,2.495,0.969,1484,1540,1862,1503,13.889,-3.973,36.462,1,81,0,0.186,0.014,-0.019,0.180,0.372,0.040,0.064
56.022385000,3.885903000,4.127808,43,2808.988770,2226,-0.0033,-0.086,2.455,0.905,0.021,-0.046,0.005,0.043,-0.060,0.022,0.083,0.057,-0.169,0.286,2.495,0.969,1484,1539,1860,1502,14.260,-3.933,36.542,1,81,0,0.186,0.014,-0.021,0.179,0.371,0.041,0.064
56.038497000,3.902015000,4.140015,43,219.250168,2227,0.0039,-0.086,2.454,0.905,0.021,-0.043,0.007,0.043,-0.060,0.020,0.065,0.056,-0.174,0.286,2.495,0.969,1484,1539,1859,1502,14.631,-3.891,36.622,1,81,0,0.186,0.015,-0.021,0.179,0.371,0.041,0.064
56.050481000,3.913999000,4.149780,43,62.096375,2228,0.0022,-0.085,2.454,0.905,0.021,-0.043,0.010,0.042,-0.060,0.019,0.019,0.043,-0.166,0.286,2.495,0.969,1484,1539,1858,1502,15.002,-3.850,36.702,1,81,0,0.185,0.015,-0.021,0.180,0.371,0.042,0.064
56.061496000,3.925014000,4.159912,43,83.500336,2229,0.0009,-0.085,2.453,0.905,0.020,-0.041,0.012,0.041,-0.060,0.018,-0.020,0.017,-0.153,0.286,2.495,0.969,1484,1540,1857,1502,15.373,-3.808,36.781,1,81,0,0.185,0.015,-0.020,0.181,0.371,0.042,0.064
56.066221000,3.929739000,4.170044,43,90.834770,2230,-0.0054,-0.085,2.453,0.906,0.019,-0.039,0.013,0.038,-0.062,0.017,-0.087,-0.021,-0.122,0.286,2.495,0.969,1484,1540,1856,1502,15.744,-3.765,36.861,1,81,0,0.185,0.016,-0.019,0.182,0.371,0.042,0.063
56.078495000,3.942013000,4.180054,43,211.909302,2231,0.0023,-0.085,2.453,0.906,0.020,-0.038,0.015,0.035,-0.064,0.017,-0.129,-0.081,-0.091,0.286,2.495,0.969,1485,1540,1855,1502,16.114,-3.723,36.940,1,81,0,0.185,0.016,-0.020,0.182,0.370,0.043,0.063
56.087352000,3.950870000,4.190063,43,81.526169,2232,-0.0012,-0.085,2.452,0.906,0.019,-0.036,0.017,0.032,-0.067,0.018,-0.181,-0.121,-0.044,0.286,2.495,0.969,1485,1540,1855,1502,16.485,-3.680,37.019,1,81,0,0.185,0.016,-0.019,0.182,0.370,0.043,0.063
56.094912000,3.958430000,4.200073,43,113.019890,2233,-0.0025,-0.085,2.452,0.906,0.014,-0.038,0.022,0.025,-0.067,0.018,-0.311,-0.094,-0.039,0.286,2.495,0.969,1485,1543,1853,1502,16.855,-3.636,37.097,1,81,0,0.185,0.017,-0.014,0.188,0.370,0.043,0.063
56.105843000,3.969361000,4.210205,43,132.362671,2234,0.0008,-0.085,2.452,0.907,0.014,-0.037,0.022,0.025,-0.068,0.016,-0.244,-0.101,-0.079,0.286,2.495,0.969,1485,1543,1853,1502,17.225,-3.593,37.175,1,81,0,0.185,0.017,-0.014,0.188,0.370,0.044,0.062
56.120195000,3.983713000,4.219238,43,91.541557,2235,0.0053,-0.084,2.451,0.907,0.017,-0.034,0.019,0.028,-0.070,0.014,-0.100,-0.124,-0.106,0.286,2.495,0.969,1485,1541,1854,1501,17.595,-3.549,37.253,1,81,0,0.185,0.018,-0.017,0.185,0.370,0.044,0.062
56.130810000,3.994328000,4.229980,43,69.710701,2236,-0.0001,-0.084,2.451,0.907,0.016,-0.032,0.018,0.029,-0.070,0.013,-0.044,-0.090,-0.116,0.286,2.495,0.969,1485,1542,1854,1501,17.965,-3.504,37.331,1,81,0,0.185,0.018,-0.016,0.187,0.370,0.044,0.062
56.140675000,4.004193000,4.239868,43,94.250710,2237,-0.0000,-0.084,2.451,0.907,0.013,-0.032,0.019,0.029,-0.069,0.012,-0.032,-0.045,-0.112,0.286,2.495,0.969,1485,1544,1853,1501,18.334,-3.460,37.408,1,81,0,0.185,0.018,-0.013,0.190,0.370,0.045,0.062
56.145379000,4.008897000,4.249878,43,101.440453,2238,-0.0053,-0.084,2.450,0.907,0.011,-0.034,0.020,0.030,-0.069,0.010,-0.002,-0.034,-0.138,0.286,2.495,0.969,1485,1545,1853,1501,18.704,-3.415,37.485,1,81,0,0.185,0.019,-0.011,0.193,0.370,0.045,0.062
56.154443000,4.017961000,4.260010,43,212.856537,2239,-0.0011,-0.084,2.450,0.907,0.009,-0.035,0.019,0.031,-0.068,0.007,0.021,-0.008,-0.172,0.286,2.495,0.969,1485,1546,1853,1500,19.074,-3.369,37.562,1,81,0,0.185,0.019,-0.009,0.195,0.370,0.045,0.062
56.165000000,4.028518000,4.270020,43,110.436226,2240,0.0005,-0.084,2.450,0.908,0.006,-0.037,0.019,0.031,-0.067,0.004,0.034,0.014,-0.188,0.286,2.495,0.969,1484,1548,1852,1500,19.443,-3.324,37.639,1,81,0,0.185,0.019,-0.006,0.198,0.370,0.046,0.061
56.174286000,4.037804000,4.279785,43,94.804703,2241,-0.0005,-0.084,2.449,0.908,0.004,-0.038,0.019,0.033,-0.066,0.003,0.057,0.035,-0.184,0.286,2.495,0.969,1484,1549,1852,1500,19.813,-3.277,37.715,1,81,0,0.185,0.020,-0.004,0.200,0.370,0.046,0.061
56.188100000,4.051618000,4.289917,43,107.781853,2242,0.0037,-0.084,2.449,0.908,0.004,-0.038,0.019,0.034,-0.067,0.001,0.077,0.019,-0.185,0.286,2.495,0.969,1484,1549,1852,1499,20.183,-3.231,37.792,1,81,0,0.185,0.020,-0.004,0.201,0.370,0.047,0.061
56.220202000,4.083720000,4.289917,0,72.437523,0,0,-0.084,2.449,0.908,0.004,-0.038,0.019,0.034,-0.067,0.001,0.077,0.019,-0.185,0.000,0.000,0.000,1484,1549,1852,1499,0.000,0.000,0.000,0,81,2,0.185,0.020,-0.004,0.201,0.370,0.047,0.061
56.241326000,4.104844000,4.300171,43,72.437523,2243,0.0430,-0.084,2.449,0.908,0.004,-0.037,0.017,0.035,-0.066,-0.001,0.091,0.042,-0.182,0.286,2.495,0.969,1484,1549,1853,1499,20.552,-3.184,37.868,1,81,0,0.185,0.021,-0.004,0.201,0.370,0.047,0.061
56.243230000,4.106748000,4.309937,43,18.790987,2244,-0.0079,-0.084,2.448,0.908,0.005,-0.035,0.014,0.038,-0.066,-0.003,0.136,0.022,-0.186,0.286,2.495,0.969,1484,1548,1854,1499,20.922,-3.137,37.944,1,81,0,0.185,0.021,-0.005,0.200,0.370,0.047,0.061
56.243485000,4.107003000,4.320068,43,527.426147,2245,-0.0099,-0.084,2.448,0.908,0.007,-0.033,0.012,0.040,-0.067,-0.004,0.144,0.003,-0.169,0.286,2.495,0.969,1485,1548,1855,1499,21.291,-3.089,38.020,1,81,0,0.185,0.021,-0.007,0.199,0.369,0.047,0.061
56.243687000,4.107205000,4.329834,43,4000.000000,2246,-0.0096,-0.084,2.448,0.908,0.009,-0.033,0.011,0.041,-0.067,-0.005,0.129,-0.019,-0.154,0.286,2.495,0.969,1485,1547,1856,1499,21.660,-3.041,38.096,1,81,0,0.185,0.022,-0.009,0.197,0.369,0.048,0.061
56.243885000,4.107403000,4.339966,43,5050.504883,2247,-0.0099,-0.084,2.447,0.908,0.010,-0.033,0.010,0.040,-0.067,-0.006,0.075,-0.005,-0.138,0.286,2.495,0.969,1484,1546,1856,1498,22.030,-2.993,38.171,1,81,0,0.185,0.022,-0.010,0.197,0.369,0.048,0.061
56.247457000,4.110975000,4.349976,43,5128.205078,2248,-0.0064,-0.083,2.447,0.908,0.010,-0.033,0.008,0.038,-0.067,-0.007,0.023,-0.001,-0.118,0.286,2.495,0.969,1484,1546,1857,1498,22.399,-2.945,38.247,1,81,0,0.185,0.022,-0.010,0.197,0.369,0.048,0.061
56.258049000,4.121567000,4.359985,43,280.190521,2249,0.0006,-0.083,2.447,0.908,0.010,-0.033,0.006,0.037,-0.068,-0.006,-0.015,-0.021,-0.083,0.286,2.495,0.969,1484,1546,1857,1498,22.768,-2.896,38.323,1,81,0,0.184,0.023,-0.010,0.197,0.369,0.049,0.061
56.269542000,4.133060000,4.370361,43,94.482239,2250,0.0011,-0.083,2.446,0.908,0.011,-0.032,0.006,0.036,-0.068,-0.005,-0.049,-0.033,-0.033,0.286,2.495,0.969,1485,1546,1857,1499,23.136,-2.847,38.399,1,81,0,0.184,0.023,-0.011,0.196,0.369,0.049,0.061
56.280612000,4.144130000,4.380127,43,87.054932,2251,0.0013,-0.083,2.446,0.909,0.007,-0.037,0.012,0.027,-0.069,-0.004,-0.267,-0.030,-0.001,0.286,2.495,0.969,1483,1548,1855,1499,23.505,-2.797,38.474,1,81,0,0.184,0.024,-0.007,0.201,0.369,0.050,0.060
56.288496000,4.152014000,4.390015,43,90.399567,2252,-0.0020,-0.083,2.445,0.909,0.009,-0.040,0.012,0.023,-0.071,-0.005,-0.283,-0.088,-0.012,0.286,2.495,0.969,1483,1547,1855,1499,23.874,-2.747,38.549,1,81,0,0.184,0.024,-0.009,0.199,0.369,0.050,0.060
56.302295000,4.165813000,4.400146,43,126.951889,2253,0.0037,-0.083,2.445,0.909,0.009,-0.039,0.011,0.021,-0.072,-0.005,-0.271,-0.081,-0.020,0.286,2.495,0.969,1483,1547,1855,1499,24.242,-2.697,38.624,1,81,0,0.184,0.024,-0.009,0.199,0.369,0.050,0.060
56.306676000,4.170194000,4.409546,43,72.511055,2254,-0.0050,-0.083,2.445,0.909,0.008,-0.038,0.009,0.020,-0.071,-0.006,-0.221,-0.034,-0.041,0.286,2.495,0.969,1483,1548,1856,1499,24.611,-2.646,38.699,1,81,0,0.184,0.025,-0.008,0.201,0.369,0.051,0.060
56.324482000,4.188000000,4.419922,43,228.519196,2255,0.0074,-0.083,2.444,0.909,0.006,-0.037,0.009,0.020,-0.070,-0.007,-0.168,0.001,-0.055,0.286,2.495,0.969,1483,1549,1855,1498,24.980,-2.595,38.774,1,81,0,0.184,0.025,-0.006,0.203,0.369,0.051,0.060
56.331697000,4.195215000,4.428711,43,56.182930,2256,-0.0016,-0.083,2.444,0.909,0.006,-0.040,0.007,0.023,-0.069,-0.008,-0.044,0.031,-0.062,0.286,2.495,0.969,1482,1549,1856,1498,25.348,-2.543,38.849,1,81,0,0.184,0.025,-0.006,0.204,0.368,0.052,0.060
56.335390000,4.198908000,4.440186,43,138.753983,2257,-0.0078,-0.083,2.443,0.909,0.003,-0.040,0.007,0.024,-0.067,-0.010,-0.006,0.049,-0.087,0.286,2.495,0.969,1482,1550,1856,1498,25.717,-2.491,38.924,1,81,0,0.184,0.026,-0.003,0.207,0.369,0.052,0.060
56.351020000,4.214538000,4.449829,43,271.223206,2258,0.0060,-0.083,2.443,0.909,0.001,-0.042,0.006,0.025,-0.066,-0.011,0.019,0.070,-0.109,0.286,2.495,0.969,1482,1552,1856,1498,26.085,-2.439,38.999,1,81,0,0.184,0.026,-0.001,0.210,0.369,0.052,0.060
56.363296000,4.226814000,4.459595,43,64.012291,2259,0.0025,-0.083,2.443,0.909,-0.000,-0.042,0.005,0.027,-0.066,-0.012,0.059,0.051,-0.109,0.286,2.495,0.969,1482,1552,1858,1498,26.454,-2.386,39.074,1,81,0,0.184,0.026,0.000,0.211,0.369,0.053,0.060
56.367716000,4.231234000,4.469971,43,81.506233,2260,-0.0060,-0.083,2.442,0.909,-0.000,-0.039,0.003,0.028,-0.066,-0.013,0.078,0.037,-0.102,0.286,2.495,0.969,1482,1552,1858,1497,26.823,-2.332,39.148,1,81,0,0.184,0.027,0.000,0.212,0.369,0.053,0.060
56.375218000,4.238736000,4.479980,43,226.551880,2261,-0.0025,-0.083,2.442,0.909,-0.000,-0.035,-0.001,0.029,-0.066,-0.014,0.082,0.034,-0.093,0.286,2.495,0.969,1483,1553,1860,1497,27.191,-2.279,39.223,1,81,0,0.184,0.027,0.000,0.212,0.369,0.053,0.060
56.384882000,4.248400000,4.489868,43,133.422287,2262,-0.0002,-0.083,2.442,0.909,0.001,-0.032,-0.005,0.031,-0.066,-0.014,0.105,0.026,-0.079,0.286,2.495,0.969,1484,1552,1862,1497,27.560,-2.225,39.299,1,81,0,0.184,0.028,-0.001,0.211,0.369,0.054,0.060
56.394537000,4.258055000,4.500000,43,103.562553,2263,-0.0005,-0.083,2.441,0.909,0.001,-0.031,-0.008,0.033,-0.068,-0.012,0.134,-0.032,-0.000,0.286,2.495,0.969,1484,1552,1863,1498,27.928,-2.171,39.374,1,81,0,0.184,0.028,-0.001,0.211,0.369,0.054,0.060
56.405769000,4.269287000,4.510132,43,103.659172,2264,0.0011,-0.083,2.441,0.908,0.003,-0.028,-0.013,0.035,-0.068,-0.010,0.138,-0.030,0.041,0.286,2.495,0.969,1484,1551,1865,1498,28.297,-2.117,39.450,1,81,0,0.184,0.028,-0.003,0.210,0.369,0.054,0.061
56.416312000,4.279830000,4.520020,43,89.094795,2265,0.0006,-0.083,2.441,0.908,0.005,-0.027,-0.017,0.035,-0.069,-0.008,0.117,-0.042,0.076,0.286,2.495,0.969,1484,1550,1867,1498,28.665,-2.063,39.526,1,81,0,0.184,0.029,-0.005,0.208,0.368,0.054,0.061
56.427364000,4.290882000,4.530029,43,95.748756,2266,0.0010,-0.083,2.441,0.908,0.005,-0.026,-0.019,0.034,-0.070,-0.007,0.062,-0.052,0.093,0.286,2.495,0.969,1484,1550,1868,1499,29.034,-2.008,39.602,1,81,0,0.184,0.029,-0.005,0.208,0.368,0.055,0.061
56.437742000,4.301260000,4.539673,43,90.555099,2267,0.0007,-0.083,2.441,0.908,0.005,-0.027,-0.022,0.032,-0.071,-0.005,-0.011,-0.071,0.111,0.286,2.495,0.969,1484,1550,1869,1499,29.402,-1.953,39.679,1,81,0,0.184,0.029,-0.005,0.208,0.368,0.055,0.061
56.447299000,4.310817000,4.549805,43,96.413422,2268,-0.0006,-0.083,2.440,0.907,0.003,-0.025,-0.022,0.030,-0.070,-0.004,-0.062,-0.032,0.128,0.286,2.495,0.969,1485,1551,1869,1499,29.770,-1.898,39.756,1,81,0,0.184,0.030,-0.003,0.211,0.368,0.055,0.062
56.464647000,4.328165000,4.559937,43,104.723007,2269,0.0072,-0.083,2.440,0.907,0.001,-0.025,-0.021,0.028,-0.069,-0.003,-0.097,0.006,0.119,0.286,2.495,0.969,1485,1553,1869,1499,30.139,-1.843,39.833,1,81,0,0.184,0.030,-0.001,0.214,0.368,0.055,0.062
56.475808000,4.339326000,4.568848,43,57.660152,2270,0.0022,-0.083,2.440,0.907,-0.001,-0.023,-0.019,0.026,-0.069,-0.001,-0.118,0.016,0.137,0.286,2.495,0.969,1485,1554,1869,1500,30.507,-1.787,39.911,1,81,0,0.184,0.031,0.001,0.216,0.368,0.056,0.062
56.488560000,4.352078000,4.579468,43,89.661972,2271,0.0021,-0.083,2.440,0.907,-0.005,-0.026,-0.017,0.022,-0.065,-0.003,-0.200,0.103,0.059,0.286,2.495,0.969,1484,1556,1868,1499,30.876,-1.731,39.988,1,81,0,0.184,0.031,0.005,0.221,0.369,0.056,0.062
56.503781000,4.367299000,4.589844,43,78.462143,2272,0.0048,-0.083,2.440,0.907,-0.004,-0.021,-0.019,0.025,-0.063,-0.003,-0.057,0.128,0.032,0.286,2.495,0.969,1485,1555,1870,1499,31.244,-1.676,40.066,1,81,0,0.184,0.031,0.004,0.219,0.369,0.056,0.062
56.507879000,4.371397000,4.599976,43,65.720291,2273,-0.0060,-0.083,2.439,0.907,-0.005,-0.022,-0.016,0.029,-0.061,-0.005,0.055,0.148,-0.013,0.286,2.495,0.969,1485,1556,1869,1499,31.613,-1.619,40.144,1,81,0,0.184,0.032,0.005,0.221,0.369,0.056,0.062
56.508163000,4.371681000,4.609253,43,244.439011,2274,-0.0090,-0.083,2.439,0.907,-0.010,-0.025,-0.013,0.026,-0.054,-0.007,-0.057,0.287,-0.068,0.286,2.495,0.969,1484,1559,1868,1498,31.982,-1.563,40.222,1,81,0,0.184,0.032,0.010,0.227,0.369,0.057,0.062
56.515452000,4.378970000,4.619873,43,3610.108398,2275,-0.0033,-0.083,2.439,0.907,-0.010,-0.023,-0.012,0.026,-0.052,-0.007,-0.024,0.256,-0.056,0.286,2.495,0.969,1485,1559,1868,1498,32.351,-1.506,40.300,1,81,0,0.185,0.032,0.010,0.227,0.369,0.057,0.062
56.533213000,4.396731000,4.630005,43,137.249527,2276,0.0076,-0.083,2.439,0.906,-0.005,-0.020,-0.012,0.031,-0.056,-0.006,0.102,0.107,-0.018,0.286,2.495,0.969,1485,1556,1868,1499,32.720,-1.449,40.379,1,81,0,0.184,0.033,0.005,0.222,0.369,0.057,0.063
56.534426000,4.397944000,4.640015,43,56.325336,2277,-0.0088,-0.083,2.439,0.906,-0.004,-0.017,-0.013,0.033,-0.057,-0.004,0.113,0.061,0.037,0.286,2.495,0.969,1486,1556,1868,1499,33.089,-1.392,40.457,1,81,0,0.184,0.033,0.004,0.221,0.369,0.057,0.063
56.544877000,4.408395000,4.649902,43,828.500427,2278,0.0006,-0.083,2.439,0.906,-0.004,-0.013,-0.012,0.033,-0.057,-0.002,0.084,0.036,0.072,0.286,2.495,0.969,1486,1556,1868,1499,33.458,-1.335,40.536,1,81,0,0.185,0.033,0.004,0.222,0.369,0.057,0.063
56.555445000,4.418963000,4.660034,43,95.748756,2279,0.0004,-0.083,2.439,0.906,-0.002,-0.009,-0.009,0.033,-0.059,-0.001,0.070,-0.024,0.084,0.286,2.495,0.969,1487,1555,1867,1499,33.827,-1.279,40.614,1,81,0,0.184,0.034,0.002,0.220,0.369,0.057,0.063
56.566463000,4.429981000,4.669922,43,94.696968,2280,0.0011,-0.083,2.439,0.906,-0.002,-0.005,-0.009,0.033,-0.059,-0.001,0.059,-0.028,0.076,0.286,2.495,0.969,1488,1555,1867,1500,34.196,-1.222,40.693,1,81,0,0.184,0.034,0.002,0.220,0.369,0.057,0.063
56.578431000,4.441949000,4.679932,43,90.826523,2281,0.0020,-0.083,2.439,0.906,-0.001,-0.002,-0.010,0.034,-0.059,-0.001,0.069,-0.007,0.058,0.286,2.495,0.969,1489,1555,1868,1499,34.565,-1.165,40.772,1,81,0,0.184,0.035,0.001,0.220,0.369,0.057,0.063
56.585223000,4.448741000,4.690430,43,83.612038,2282,-0.0037,-0.083,2.439,0.906,-0.000,0.003,-0.007,0.037,-0.059,-0.001,0.110,-0.010,0.048,0.286,2.495,0.969,1489,1554,1867,1499,34.934,-1.109,40.851,1,81,0,0.184,0.035,0.000,0.220,0.369,0.057,0.063
56.593765000,4.457283000,4.698242,43,147.340500,2283,0.0007,-0.083,2.439,0.906,0.000,0.006,-0.005,0.039,-0.058,-0.000,0.160,0.027,0.040,0.286,2.495,0.969,1490,1554,1866,1500,35.303,-1.052,40.930,1,81,0,0.184,0.035,-0.000,0.220,0.369,0.056,0.063
56.605892000,4.469410000,4.710205,43,117.164619,2284,0.0002,-0.083,2.439,0.906,0.002,0.007,-0.002,0.042,-0.057,-0.001,0.178,0.037,0.026,0.286,2.495,0.969,1490,1554,1866,1499,35.672,-0.996,41.008,1,81,0,0.184,0.036,-0.002,0.219,0.369,0.056,0.063
56.615291000,4.478809000,4.720093,43,82.515060,2285,-0.0005,-0.083,2.439,0.906,0.003,0.008,0.001,0.045,-0.056,-0.001,0.201,0.059,-0.001,0.286,2.495,0.969,1491,1553,1865,1499,36.041,-0.940,41.087,1,81,0,0.184,0.036,-0.003,0.217,0.369,0.056,0.063
56.632589000,4.496107000,4.729980,43,106.484932,2286,0.0074,-0.083,2.439,0.906,0.005,0.009,0.003,0.047,-0.055,-0.002,0.207,0.060,-0.017,0.286,2.495,0.969,1491,1552,1864,1499,36.409,-0.884,41.166,1,81,0,0.184,0.036,-0.005,0.216,0.369,0.056,0.063
56.641556000,4.505074000,4.740234,43,57.836899,2287,-0.0013,-0.083,2.440,0.906,0.007,0.010,0.004,0.047,-0.054,-0.002,0.168,0.068,-0.013,0.286,2.495,0.969,1491,1551,1864,1499,36.778,-0.828,41.244,1,81,0,0.184,0.037,-0.007,0.214,0.369,0.056,0.063
56.646883000,4.510401000,4.750122,43,111.607140,2288,-0.0046,-0.083,2.440,0.906,0.009,0.011,0.006,0.048,-0.054,-0.002,0.135,0.062,0.002,0.286,2.495,0.969,1491,1550,1863,1499,37.146,-0.772,41.322,1,81,0,0.184,0.037,-0.009,0.212,0.368,0.056,0.063
56.657268000,4.520786000,4.759766,43,187.934601,2289,0.0007,-0.083,2.440,0.907,0.012,0.013,0.009,0.048,-0.053,-0.002,0.096,0.064,0.002,0.286,2.495,0.969,1491,1549,1861,1499,37.514,-0.716,41.400,1,81,0,0.184,0.038,-0.012,0.210,0.368,0.056,0.062
56.666425000,4.529943000,4.770020,43,96.366966,2290,-0.0011,-0.082,2.440,0.907,0.013,0.013,0.011,0.047,-0.053,-0.002,0.058,0.064,-0.005,0.286,2.495,0.969,1491,1549,1860,1499,37.882,-0.661,41.478,1,81,0,0.184,0.038,-0.013,0.209,0.368,0.055,0.062
56.674453000,4.537971000,4.780029,43,109.289619,2291,-0.0020,-0.082,2.440,0.907,0.015,0.013,0.014,0.045,-0.053,-0.002,0.007,0.044,-0.010,0.286,2.495,0.969,1491,1548,1859,1499,38.250,-0.605,41.556,1,81,0,0.184,0.038,-0.015,0.207,0.368,0.055,0.062
56.684665000,4.548183000,4.789673,43,124.641655,2292,0.0006,-0.082,2.440,0.907,0.017,0.012,0.016,0.044,-0.053,-0.002,-0.022,0.031,0.004,0.286,2.495,0.969,1491,1547,1858,1499,38.618,-0.550,41.633,1,81,0,0.184,0.039,-0.017,0.206,0.368,0.055,0.062
56.695631000,4.559149000,4.800171,43,98.000786,2293,0.0005,-0.082,2.440,0.908,0.018,0.012,0.019,0.042,-0.053,-0.001,-0.064,0.015,0.014,0.286,2.495,0.969,1491,1546,1857,1499,38.985,-0.495,41.710,1,81,0,0.184,0.039,-0.018,0.205,0.367,0.055,0.062
56.708546000,4.572064000,4.810181,43,91.249199,2294,0.0029,-0.082,2.440,0.908,0.018,0.011,0.022,0.041,-0.054,-0.001,-0.088,-0.015,0.027,0.286,2.495,0.969,1491,1546,1856,1499,39.353,-0.440,41.786,1,81,0,0.184,0.039,-0.018,0.205,0.367,0.055,0.061
56.718491000,4.582009000,4.819946,43,77.483337,2295,0.0002,-0.082,2.440,0.908,0.014,0.009,0.026,0.034,-0.052,-0.000,-0.243,0.038,0.023,0.286,2.495,0.969,1491,1548,1853,1499,39.720,-0.385,41.862,1,81,0,0.184,0.040,-0.014,0.209,0.367,0.055,0.061
56.734576000,4.598094000,4.829956,43,100.603622,2296,0.0061,-0.081,2.440,0.908,0.019,0.007,0.027,0.034,-0.052,-0.001,-0.190,0.026,0.009,0.286,2.495,0.969,1490,1546,1853,1499,40.087,-0.330,41.938,1,81,0,0.183,0.040,-0.019,0.204,0.367,0.055,0.061
56.746186000,4.609704000,4.839966,43,62.204529,2297,0.0016,-0.081,2.440,0.909,0.025,0.006,0.026,0.037,-0.055,-0.001,-0.049,-0.045,-0.009,0.286,2.495,0.969,1490,1543,1854,1499,40.453,-0.275,42.014,1,81,0,0.183,0.040,-0.025,0.198,0.366,0.055,0.060
56.746535000,4.610053000,4.850220,43,86.192039,2298,-0.0099,-0.080,2.440,0.909,0.026,0.005,0.025,0.036,-0.054,-0.001,-0.058,-0.007,-0.001,0.286,2.495,0.969,1490,1542,1854,1499,40.819,-0.220,42.089,1,81,0,0.183,0.041,-0.026,0.198,0.366,0.055,0.060
56.754567000,4.618085000,4.859863,43,2906.976807,2299,-0.0016,-0.080,2.440,0.909,0.027,0.004,0.025,0.035,-0.053,-0.001,-0.076,0.004,0.003,0.286,2.495,0.969,1490,1542,1854,1499,41.185,-0.165,42.164,1,81,0,0.183,0.041,-0.027,0.197,0.366,0.055,0.060
56.771770000,4.635288000,4.869995,43,124.564026,2300,0.0071,-0.080,2.440,0.910,0.024,0.002,0.029,0.029,-0.052,-0.000,-0.205,0.048,0.017,0.286,2.495,0.969,1490,1544,1852,1499,41.551,-0.110,42.238,1,81,0,0.183,0.042,-0.024,0.201,0.366,0.055,0.059
56.778124000,4.641642000,4.878662,43,58.156441,2301,-0.0023,-0.080,2.441,0.910,0.029,0.004,0.027,0.029,-0.053,0.000,-0.146,-0.007,0.029,0.286,2.495,0.969,1490,1541,1852,1500,41.916,-0.055,42.312,1,81,0,0.183,0.042,-0.029,0.196,0.365,0.055,0.059
56.784589000,4.648107000,4.889771,43,157.579575,2302,-0.0046,-0.079,2.441,0.910,0.030,0.003,0.026,0.030,-0.056,0.002,-0.098,-0.067,0.053,0.286,2.495,0.969,1490,1541,1852,1500,42.281,-0.000,42.386,1,81,0,0.182,0.042,-0.030,0.195,0.365,0.055,0.059
56.796981000,4.660499000,4.900024,43,154.798767,2303,0.0021,-0.079,2.440,0.910,0.029,0.001,0.025,0.028,-0.058,0.002,-0.134,-0.090,0.056,0.286,2.495,0.969,1489,1541,1852,1500,42.645,0.055,42.459,1,81,0,0.182,0.043,-0.029,0.196,0.365,0.055,0.059
56.811876000,4.675394000,4.910034,43,80.755875,2304,0.0049,-0.079,2.440,0.910,0.027,-0.000,0.022,0.024,-0.057,0.002,-0.196,-0.061,0.047,0.286,2.495,0.969,1489,1542,1853,1500,43.010,0.110,42.533,1,81,0,0.182,0.043,-0.027,0.198,0.364,0.055,0.059
56.815665000,4.679183000,4.919922,43,67.177216,2305,-0.0061,-0.079,2.440,0.911,0.022,-0.002,0.020,0.016,-0.055,0.002,-0.347,0.023,0.020,0.286,2.495,0.969,1489,1545,1854,1500,43.374,0.165,42.606,1,81,0,0.182,0.043,-0.022,0.204,0.364,0.055,0.059
56.837745000,4.701263000,4.929932,43,264.340485,2306,0.0121,-0.078,2.440,0.911,0.024,-0.004,0.018,0.014,-0.056,0.000,-0.299,-0.028,-0.019,0.286,2.495,0.969,1488,1544,1855,1500,43.738,0.220,42.679,1,81,0,0.182,0.044,-0.024,0.202,0.364,0.055,0.058
56.843602000,4.707120000,4.940186,43,45.308323,2307,-0.0044,-0.078,2.440,0.911,0.029,-0.002,0.013,0.017,-0.059,-0.001,-0.163,-0.087,-0.046,0.286,2.495,0.969,1489,1541,1856,1499,44.102,0.275,42.752,1,81,0,0.182,0.044,-0.029,0.197,0.364,0.055,0.058
56.847929000,4.711447000,4.949951,43,170.998627,2308,-0.0054,-0.078,2.440,0.911,0.030,-0.001,0.010,0.016,-0.061,-0.001,-0.154,-0.111,-0.035,0.286,2.495,0.969,1489,1541,1857,1499,44.465,0.330,42.825,1,81,0,0.182,0.044,-0.030,0.196,0.363,0.055,0.058
56.859200000,4.722718000,4.959961,43,231.374359,2309,0.0013,-0.077,2.440,0.911,0.029,0.000,0.007,0.013,-0.062,-0.001,-0.177,-0.108,-0.028,0.286,2.495,0.969,1489,1541,1858,1499,44.828,0.386,42.898,1,81,0,0.182,0.045,-0.029,0.197,0.363,0.055,0.058
56.866784000,4.730302000,4.969482,43,88.770531,2310,-0.0019,-0.077,2.440,0.911,0.030,0.004,0.005,0.011,-0.064,-0.001,-0.194,-0.143,-0.012,0.286,2.495,0.969,1490,1541,1859,1499,45.191,0.441,42.971,1,81,0,0.181,0.045,-0.030,0.197,0.363,0.055,0.058
56.874236000,4.737754000,4.979614,43,131.995773,2311,-0.0027,-0.077,2.441,0.911,0.029,0.006,0.001,0.009,-0.066,-0.001,-0.185,-0.150,-0.007,0.286,2.495,0.969,1490,1542,1861,1499,45.554,0.495,43.044,1,81,0,0.181,0.046,-0.029,0.198,0.362,0.055,0.059
56.887074000,4.750592000,4.989990,43,134.300293,2312,0.0025,-0.077,2.441,0.910,0.027,0.007,-0.002,0.008,-0.067,-0.001,-0.154,-0.136,-0.022,0.286,2.495,0.969,1490,1543,1863,1499,45.916,0.550,43.117,1,81,0,0.181,0.046,-0.027,0.200,0.362,0.055,0.059
56.895837000,4.759355000,4.999756,43,77.942322,2313,-0.0010,-0.076,2.441,0.910,0.025,0.009,-0.004,0.009,-0.068,-0.002,-0.108,-0.135,-0.034,0.286,2.495,0.969,1491,1544,1864,1499,46.278,0.605,43.191,1,81,0,0.181,0.046,-0.025,0.202,0.362,0.055,0.059
56.909288000,4.772806000,5.009888,43,114.207397,2314,0.0033,-0.076,2.441,0.910,0.019,0.008,-0.006,0.007,-0.067,-0.002,-0.115,-0.069,-0.040,0.286,2.495,0.969,1491,1547,1864,1499,46.640,0.659,43.264,1,81,0,0.181,0.047,-0.019,0.208,0.362,0.055,0.059
56.928555000,4.792073000,5.020020,43,74.371559,2315,0.0091,-0.076,2.441,0.910,0.022,0.015,-0.009,0.010,-0.068,-0.004,-0.030,-0.080,-0.064,0.286,2.495,0.969,1492,1546,1866,1499,47.002,0.713,43.338,1,81,0,0.181,0.047,-0.022,0.206,0.362,0.054,0.059
56.937114000,4.800632000,5.030029,43,51.921082,2316,-0.0015,-0.076,2.442,0.910,0.020,0.018,-0.011,0.012,-0.069,-0.005,0.029,-0.086,-0.072,0.286,2.495,0.969,1493,1547,1867,1499,47.363,0.767,43.412,1,81,0,0.181,0.047,-0.020,0.209,0.362,0.054,0.059
56.941666000,4.805184000,5.039185,43,116.918037,2317,-0.0046,-0.076,2.442,0.910,0.017,0.022,-0.014,0.013,-0.069,-0.006,0.053,-0.053,-0.079,0.286,2.495,0.969,1493,1548,1868,1499,47.725,0.821,43.487,1,81,0,0.181,0.048,-0.017,0.212,0.362,0.054,0.059
56.947199000,4.810717000,5.049683,43,219.925232,2318,-0.0050,-0.076,2.442,0.909,0.014,0.024,-0.016,0.014,-0.068,-0.006,0.066,-0.013,-0.076,0.286,2.495,0.969,1494,1550,1869,1498,48.086,0.874,43.561,1,81,0,0.181,0.048,-0.014,0.215,0.361,0.053,0.060
56.958709000,4.822227000,5.059937,43,180.929977,2319,0.0012,-0.076,2.442,0.909,0.009,0.025,-0.017,0.014,-0.066,-0.007,0.052,0.024,-0.080,0.286,2.495,0.969,1494,1552,1870,1498,48.448,0.927,43.636,1,81,0,0.181,0.048,-0.009,0.220,0.362,0.053,0.060
56.964984000,4.828502000,5.070068,43,86.941399,2320,-0.0039,-0.076,2.443,0.909,0.007,0.026,-0.017,0.015,-0.065,-0.007,0.060,0.036,-0.052,0.286,2.495,0.969,1494,1553,1870,1498,48.809,0.980,43.711,1,81,0,0.181,0.049,-0.007,0.223,0.362,0.053,0.060
56.975433000,4.838951000,5.079834,43,159.515076,2321,0.0007,-0.076,2.443,0.909,0.003,0.027,-0.016,0.016,-0.064,-0.008,0.061,0.076,-0.054,0.286,2.495,0.969,1495,1556,1869,1498,49.171,1.032,43.786,1,81,0,0.181,0.049,-0.003,0.227,0.362,0.052,0.060
56.985815000,4.849333000,5.089966,43,95.776268,2322,0.0002,-0.076,2.443,0.909,-0.001,0.026,-0.014,0.017,-0.061,-0.009,0.076,0.122,-0.076,0.286,2.495,0.969,1495,1558,1869,1498,49.533,1.084,43.862,1,81,0,0.181,0.050,0.001,0.232,0.362,0.052,0.060
56.998016000,4.861534000,5.099976,43,96.394836,2323,0.0022,-0.076,2.444,0.909,-0.003,0.029,-0.014,0.019,-0.058,-0.013,0.120,0.153,-0.144,0.286,2.495,0.969,1495,1559,1869,1498,49.895,1.136,43.937,1,81,0,0.181,0.050,0.003,0.234,0.362,0.052,0.060
57.005521000,4.869039000,5.109985,43,82.007545,2324,-0.0025,-0.077,2.444,0.909,-0.010,0.026,-0.010,0.017,-0.056,-0.014,0.033,0.179,-0.146,0.286,2.495,0.969,1495,1562,1868,1497,50.257,1.188,44.013,1,81,0,0.181,0.050,0.010,0.242,0.362,0.052,0.060
57.015894000,4.879412000,5.119873,43,133.386688,2325,0.0005,-0.077,2.444,0.909,-0.012,0.026,-0.008,0.019,-0.055,-0.015,0.064,0.160,-0.136,0.286,2.495,0.969,1495,1563,1868,1497,50.619,1.239,44.088,1,81,0,0.181,0.051,0.012,0.244,0.362,0.051,0.060
57.024393000,4.887911000,5.130005,43,96.459923,2326,-0.0016,-0.077,2.444,0.909,-0.010,0.027,-0.010,0.024,-0.055,-0.015,0.176,0.108,-0.100,0.286,2.495,0.969,1495,1563,1869,1497,50.981,1.290,44.164,1,81,0,0.181,0.051,0.010,0.242,0.362,0.051,0.061
57.041226000,4.904744000,5.139893,43,117.771759,2327,0.0069,-0.077,2.445,0.908,-0.010,0.029,-0.008,0.026,-0.056,-0.015,0.195,0.058,-0.081,0.286,2.495,0.969,1495,1563,1868,1497,51.344,1.341,44.240,1,81,0,0.181,0.051,0.010,0.243,0.362,0.051,0.061
57.057414000,4.920932000,5.149902,43,59.431831,2328,0.0062,-0.077,2.445,0.908,-0.011,0.032,-0.006,0.028,-0.057,-0.015,0.188,0.033,-0.050,0.286,2.495,0.969,1496,1563,1867,1497,51.707,1.391,44.315,1,81,0,0.181,0.052,0.011,0.244,0.363,0.050,0.061
57.057765000,4.921283000,5.160034,43,61.804699,2329,-0.0098,-0.077,2.446,0.909,-0.011,0.034,-0.003,0.029,-0.058,-0.013,0.163,-0.011,0.010,0.286,2.495,0.969,1496,1563,1866,1498,52.069,1.441,44.391,1,81,0,0.181,0.052,0.011,0.244,0.363,0.050,0.061
57.065203000,4.928721000,5.170044,43,2898.550781,2330,-0.0026,-0.077,2.446,0.909,-0.012,0.037,0.001,0.028,-0.060,-0.010,0.102,-0.059,0.088,0.286,2.495,0.969,1497,1564,1865,1498,52.432,1.490,44.467,1,81,0,0.181,0.052,0.012,0.246,0.363,0.049,0.060
57.075503000,4.939021000,5.179932,43,134.498993,2331,0.0004,-0.077,2.446,0.909,-0.012,0.038,0.005,0.027,-0.062,-0.007,0.051,-0.081,0.137,0.286,2.495,0.969,1497,1564,1863,1499,52.795,1.539,44.542,1,81,0,0.182,0.053,0.012,0.246,0.363,0.049,0.060
57.086567000,4.950085000,5.189941,43,97.162842,2332,0.0010,-0.078,2.447,0.909,-0.014,0.037,0.010,0.027,-0.062,-0.005,0.040,-0.064,0.147,0.286,2.495,0.969,1497,1565,1861,1499,53.158,1.588,44.617,1,81,0,0.182,0.053,0.014,0.249,0.363,0.049,0.060
57.095791000,4.959309000,5.199951,43,90.448624,2333,-0.0008,-0.078,2.447,0.909,-0.017,0.036,0.015,0.028,-0.061,-0.003,0.045,-0.031,0.153,0.286,2.495,0.969,1497,1567,1859,1499,53.522,1.636,44.692,1,81,0,0.182,0.054,0.017,0.252,0.363,0.048,0.060
57.105059000,4.968577000,5.209961,43,108.483398,2334,-0.0007,-0.078,2.447,0.910,-0.017,0.033,0.020,0.028,-0.060,-0.004,0.042,0.002,0.108,0.286,2.495,0.969,1497,1567,1857,1499,53.885,1.685,44.766,1,81,0,0.182,0.054,0.017,0.253,0.364,0.048,0.059
57.117171000,4.980689000,5.219971,43,107.979698,2335,0.0021,-0.078,2.448,0.910,-0.018,0.029,0.026,0.027,-0.060,-0.004,-0.001,0.007,0.065,0.286,2.495,0.969,1496,1567,1854,1499,54.249,1.733,44.839,1,81,0,0.182,0.054,0.018,0.254,0.364,0.048,0.059
57.126794000,4.990312000,5.229858,43,82.624146,2336,-0.0003,-0.078,2.448,0.911,-0.017,0.025,0.032,0.026,-0.060,-0.005,-0.027,0.004,0.035,0.286,2.495,0.969,1495,1567,1851,1499,54.613,1.780,44.912,1,81,0,0.182,0.055,0.017,0.254,0.364,0.048,0.058
57.144614000,5.008132000,5.238892,43,103.993347,2337,0.0088,-0.078,2.448,0.911,-0.015,0.024,0.040,0.026,-0.061,-0.005,-0.007,-0.029,0.011,0.286,2.495,0.969,1495,1566,1848,1499,54.977,1.828,44.985,1,81,0,0.182,0.055,0.015,0.252,0.364,0.048,0.058
57.166406000,5.029924000,5.249634,43,56.141926,2338,0.0110,-0.078,2.448,0.912,-0.012,0.022,0.042,0.028,-0.063,-0.005,0.043,-0.061,0.017,0.286,2.495,0.969,1495,1565,1848,1499,55.341,1.875,45.056,1,81,0,0.182,0.055,0.012,0.249,0.364,0.047,0.057
57.173426000,5.036944000,5.259888,43,45.903145,2339,-0.0032,-0.079,2.448,0.912,-0.011,0.020,0.049,0.024,-0.064,-0.004,-0.070,-0.073,0.032,0.286,2.495,0.969,1494,1564,1845,1499,55.706,1.923,45.127,1,81,0,0.182,0.056,0.011,0.249,0.364,0.047,0.057
57.173776000,5.037294000,5.270020,43,142.551682,2340,-0.0098,-0.078,2.448,0.913,-0.005,0.020,0.049,0.026,-0.067,-0.003,0.008,-0.122,0.045,0.286,2.495,0.969,1494,1561,1844,1499,56.070,1.970,45.197,1,81,0,0.182,0.056,0.005,0.243,0.364,0.047,0.056
57.177003000,5.040521000,5.280273,43,2898.550781,2341,-0.0070,-0.078,2.448,0.914,0.000,0.018,0.051,0.029,-0.068,-0.004,0.058,-0.120,0.017,0.286,2.495,0.969,1494,1559,1842,1499,56.433,2.017,45.267,1,81,0,0.182,0.056,-0.000,0.238,0.364,0.047,0.056
57.186933000,5.050451000,5.290161,43,310.269928,2342,0.0000,-0.078,2.449,0.914,0.002,0.017,0.054,0.029,-0.069,-0.005,0.066,-0.115,-0.003,0.286,2.495,0.969,1494,1558,1841,1499,56.797,2.064,45.335,1,81,0,0.182,0.057,-0.002,0.237,0.364,0.047,0.055
57.195656000,5.059174000,5.300049,43,100.796288,2343,-0.0012,-0.078,2.449,0.915,0.004,0.014,0.059,0.027,-0.070,-0.005,-0.007,-0.113,-0.016,0.286,2.495,0.969,1493,1557,1838,1499,57.161,2.110,45.403,1,81,0,0.182,0.057,-0.004,0.235,0.364,0.047,0.054
57.205028000,5.068546000,5.309570,43,114.731529,2344,-0.0002,-0.078,2.449,0.916,0.005,0.013,0.063,0.022,-0.070,-0.006,-0.134,-0.078,-0.024,0.286,2.495,0.969,1493,1557,1836,1499,57.525,2.157,45.470,1,81,0,0.182,0.058,-0.005,0.235,0.364,0.047,0.053
57.214719000,5.078237000,5.319946,43,106.757767,2345,-0.0007,-0.078,2.449,0.916,0.006,0.013,0.064,0.017,-0.070,-0.005,-0.220,-0.060,-0.013,0.286,2.495,0.969,1493,1557,1835,1499,57.888,2.204,45.536,1,81,0,0.182,0.058,-0.006,0.234,0.364,0.047,0.053
57.228506000,5.092024000,5.329956,43,103.273781,2346,0.0038,-0.078,2.449,0.917,0.007,0.014,0.066,0.013,-0.070,-0.005,-0.274,-0.045,0.007,0.286,2.495,0.969,1493,1556,1833,1499,58.252,2.250,45.601,1,81,0,0.182,0.058,-0.007,0.233,0.363,0.046,0.052
57.245816000,5.109334000,5.338379,43,72.574203,2347,0.0089,-0.078,2.449,0.918,0.013,0.016,0.072,0.009,-0.071,-0.003,-0.322,-0.066,0.046,0.286,2.495,0.969,1494,1553,1830,1499,58.615,2.296,45.665,1,81,0,0.182,0.059,-0.013,0.227,0.363,0.046,0.051
57.248929000,5.112447000,5.349854,43,57.790108,2348,-0.0084,-0.077,2.449,0.919,0.014,0.015,0.071,0.002,-0.070,-0.002,-0.396,-0.045,0.068,0.286,2.495,0.969,1493,1553,1829,1499,58.978,2.342,45.728,1,81,0,0.182,0.059,-0.014,0.227,0.363,0.046,0.050
57.255379000,5.118897000,5.359985,43,322.061188,2349,-0.0037,-0.077,2.450,0.919,0.018,0.016,0.072,-0.002,-0.071,-0.001,-0.394,-0.049,0.084,0.286,2.495,0.969,1494,1551,1829,1500,59.341,2.388,45.790,1,81,0,0.181,0.059,-0.018,0.223,0.363,0.046,0.050
57.268304000,5.131822000,5.369873,43,155.159042,2350,0.0030,-0.077,2.450,0.920,0.022,0.017,0.071,-0.006,-0.072,0.000,-0.387,-0.063,0.083,0.286,2.495,0.969,1494,1549,1828,1500,59.703,2.434,45.851,1,81,0,0.181,0.060,-0.022,0.219,0.362,0.046,0.049
57.281183000,5.144701000,5.379028,43,77.417358,2351,0.0037,-0.076,2.450,0.921,0.026,0.018,0.069,-0.007,-0.073,0.001,-0.335,-0.080,0.080,0.286,2.495,0.969,1494,1547,1828,1500,60.065,2.479,45.912,1,81,0,0.181,0.060,-0.026,0.215,0.362,0.045,0.048
57.285570000,5.149088000,5.390015,43,77.694038,2352,-0.0066,-0.076,2.450,0.921,0.026,0.017,0.068,-0.012,-0.074,0.001,-0.358,-0.073,0.059,0.286,2.495,0.969,1494,1547,1827,1500,60.427,2.525,45.971,1,81,0,0.181,0.060,-0.026,0.216,0.362,0.045,0.048
57.297027000,5.160545000,5.400024,43,228.206299,2353,0.0014,-0.076,2.450,0.922,0.025,0.018,0.071,-0.018,-0.074,0.001,-0.416,-0.062,0.040,0.286,2.495,0.969,1494,1547,1827,1500,60.788,2.570,46.030,1,81,0,0.181,0.061,-0.025,0.217,0.362,0.045,0.047
57.308427000,5.171945000,5.409424,43,87.343872,2354,0.0020,-0.076,2.451,0.923,0.025,0.020,0.073,-0.022,-0.072,-0.001,-0.425,0.010,-0.001,0.286,2.495,0.969,1495,1547,1825,1499,61.149,2.615,46.088,1,81,0,0.181,0.061,-0.025,0.217,0.361,0.045,0.046
57.318499000,5.182017000,5.420166,43,87.780899,2355,-0.0007,-0.075,2.451,0.924,0.026,0.022,0.070,-0.024,-0.072,-0.002,-0.374,-0.002,-0.034,0.286,2.495,0.969,1495,1547,1825,1499,61.510,2.659,46.145,1,81,0,0.180,0.062,-0.026,0.216,0.361,0.045,0.046
57.326910000,5.190428000,5.429321,43,99.364067,2356,-0.0008,-0.075,2.451,0.924,0.031,0.025,0.073,-0.029,-0.072,-0.001,-0.414,0.018,-0.008,0.286,2.495,0.969,1496,1545,1823,1499,61.871,2.703,46.201,1,81,0,0.180,0.062,-0.031,0.211,0.361,0.044,0.045
57.337491000,5.201009000,5.439941,43,119.005119,2357,-0.0000,-0.075,2.451,0.925,0.028,0.026,0.073,-0.036,-0.071,-0.000,-0.458,0.037,0.017,0.286,2.495,0.969,1496,1546,1822,1499,62.231,2.747,46.256,1,81,0,0.180,0.062,-0.028,0.214,0.360,0.044,0.044
57.349204000,5.212722000,5.449463,43,94.553703,2358,0.0022,-0.074,2.452,0.926,0.033,0.030,0.071,-0.036,-0.073,0.000,-0.351,-0.021,0.021,0.286,2.495,0.969,1497,1544,1822,1500,62.591,2.791,46.310,1,81,0,0.180,0.063,-0.033,0.209,0.360,0.044,0.043
57.376957000,5.240475000,5.460083,43,85.433578,2359,0.0171,-0.074,2.452,0.926,0.034,0.031,0.068,-0.037,-0.073,0.000,-0.303,-0.023,0.024,0.286,2.495,0.969,1497,1543,1822,1500,62.951,2.834,46.364,1,81,0,0.180,0.063,-0.034,0.208,0.359,0.043,0.043
57.399342000,5.262860000,5.469971,43,36.042530,2360,0.0125,-0.074,2.453,0.927,0.034,0.033,0.070,-0.040,-0.072,0.000,-0.280,0.015,0.019,0.286,2.495,0.969,1497,1543,1821,1500,63.310,2.877,46.416,1,81,0,0.180,0.063,-0.034,0.209,0.359,0.043,0.042
57.408167000,5.271685000,5.479980,43,44.688744,2361,-0.0012,-0.073,2.453,0.928,0.034,0.034,0.072,-0.042,-0.070,-0.000,-0.264,0.060,-0.003,0.286,2.495,0.969,1498,1544,1819,1499,63.669,2.919,46.468,1,81,0,0.179,0.064,-0.034,0.210,0.359,0.042,0.041
57.408603000,5.272121000,5.489990,43,113.378685,2362,-0.0096,-0.073,2.453,0.929,0.033,0.036,0.072,-0.044,-0.068,-0.001,-0.246,0.095,-0.013,0.286,2.495,0.969,1498,1544,1818,1499,64.027,2.961,46.518,1,81,0,0.179,0.064,-0.033,0.210,0.358,0.042,0.041
57.408814000,5.272332000,5.500000,43,2325.581299,2363,-0.0098,-0.073,2.454,0.929,0.034,0.038,0.072,-0.045,-0.066,-0.001,-0.213,0.109,-0.029,0.286,2.495,0.969,1499,1543,1818,1499,64.385,3.003,46.568,1,81,0,0.179,0.064,-0.034,0.209,0.358,0.042,0.040
57.425303000,5.288821000,5.510010,43,4807.692383,2364,0.0065,-0.072,2.454,0.930,0.037,0.038,0.073,-0.047,-0.066,-0.003,-0.223,0.076,-0.053,0.286,2.495,0.969,1499,1542,1816,1499,64.743,3.044,46.617,1,81,0,0.179,0.065,-0.037,0.207,0.358,0.041,0.039
57.430133000,5.293651000,5.520020,43,60.657528,2365,-0.0052,-0.072,2.455,0.931,0.040,0.036,0.074,-0.050,-0.067,-0.003,-0.234,0.042,-0.043,0.286,2.495,0.969,1498,1540,1815,1499,65.100,3.085,46.665,1,81,0,0.179,0.065,-0.040,0.204,0.357,0.041,0.038
57.432721000,5.296239000,5.529419,43,207.296844,2366,-0.0068,-0.071,2.455,0.932,0.043,0.037,0.075,-0.053,-0.068,-0.002,-0.254,0.014,-0.020,0.286,2.495,0.969,1498,1539,1814,1499,65.457,3.125,46.712,1,81,0,0.178,0.065,-0.043,0.201,0.357,0.041,0.038
57.458445000,5.321963000,5.529419,0,387.296661,0,0,-0.071,2.455,0.932,0.043,0.037,0.075,-0.053,-0.068,-0.002,-0.254,0.014,-0.020,0.000,0.000,0.000,1498,1539,1814,1499,0.000,0.000,0.000,0,81,2,0.178,0.065,-0.043,0.201,0.357,0.041,0.038
57.473170000,5.336688000,5.540039,43,387.296661,2367,0.0298,-0.071,2.455,0.932,0.043,0.035,0.074,-0.056,-0.069,-0.001,-0.259,-0.018,0.022,0.286,2.495,0.969,1498,1539,1813,1499,65.813,3.166,46.758,1,81,0,0.178,0.066,-0.043,0.201,0.356,0.040,0.037
57.473519000,5.337037000,5.549927,43,24.726768,2368,-0.0095,-0.070,2.456,0.933,0.046,0.033,0.077,-0.058,-0.070,-0.000,-0.258,-0.043,0.029,0.286,2.495,0.969,1498,1538,1811,1499,66.169,3.206,46.803,1,81,0,0.178,0.066,-0.046,0.198,0.356,0.040,0.036
57.473938000,5.337456000,5.560059,43,2906.976807,2369,-0.0097,-0.070,2.456,0.934,0.046,0.031,0.077,-0.060,-0.071,-0.000,-0.222,-0.055,0.019,0.286,2.495,0.969,1498,1538,1810,1499,66.524,3.245,46.846,1,81,0,0.178,0.067,-0.046,0.198,0.355,0.040,0.035
57.474887000,5.338405000,5.569458,43,2403.846191,2370,-0.0085,-0.069,2.456,0.935,0.048,0.029,0.079,-0.062,-0.071,-0.001,-0.219,-0.049,-0.002,0.286,2.495,0.969,1497,1537,1809,1499,66.879,3.285,46.889,1,81,0,0.177,0.067,-0.048,0.197,0.355,0.039,0.034
57.498466000,5.361984000,5.569458,0,1057.082397,0,0,-0.069,2.456,0.935,0.048,0.029,0.079,-0.062,-0.071,-0.001,-0.219,-0.049,-0.002,0.000,0.000,0.000,1497,1537,1809,1499,0.000,0.000,0.000,0,81,2,0.177,0.067,-0.048,0.197,0.355,0.039,0.034
57.529312000,5.392830000,5.569458,0,1057.082397,0,0,-0.069,2.456,0.935,0.048,0.029,0.079,-0.062,-0.071,-0.001,-0.219,-0.049,-0.002,0.000,0.000,0.000,1497,1537,1809,1499,0.000,0.000,0.000,0,81,2,0.177,0.067,-0.048,0.197,0.355,0.039,0.034
57.537600000,5.401118000,5.579956,43,1057.082397,2371,0.0522,-0.069,2.456,0.936,0.049,0.027,0.078,-0.063,-0.070,-0.003,-0.199,-0.011,-0.046,0.286,2.495,0.969,1497,1536,1808,1499,67.233,3.324,46.931,1,81,0,0.177,0.067,-0.049,0.195,0.354,0.039,0.034
57.538401000,5.401919000,5.589722,43,15.946929,2372,-0.0090,-0.068,2.456,0.936,0.051,0.026,0.078,-0.065,-0.071,-0.004,-0.190,-0.020,-0.072,0.286,2.495,0.969,1497,1535,1807,1499,67.587,3.363,46.972,1,81,0,0.177,0.068,-0.051,0.193,0.354,0.039,0.033
57.555165000,5.418683000,5.599731,43,1259.445801,2373,0.0067,-0.067,2.457,0.937,0.054,0.028,0.077,-0.068,-0.069,-0.005,-0.235,0.017,-0.061,0.286,2.495,0.969,1497,1534,1808,1499,67.940,3.402,47.012,1,81,0,0.177,0.068,-0.054,0.191,0.353,0.039,0.032
57.567741000,5.431259000,5.609863,43,59.669430,2374,0.0024,-0.067,2.457,0.938,0.058,0.027,0.075,-0.070,-0.066,-0.006,-0.217,0.095,-0.072,0.286,2.495,0.969,1497,1532,1808,1499,68.292,3.440,47.052,1,81,0,0.176,0.068,-0.058,0.186,0.352,0.038,0.031
57.568090000,5.431608000,5.619995,43,79.560822,2375,-0.0098,-0.066,2.457,0.938,0.064,0.027,0.075,-0.073,-0.065,-0.006,-0.231,0.090,-0.061,0.286,2.495,0.969,1497,1529,1807,1499,68.643,3.478,47.090,1,81,0,0.176,0.069,-0.064,0.181,0.351,0.038,0.031
57.588504000,5.452022000,5.619995,0,2906.976807,0,0,-0.066,2.457,0.938,0.064,0.027,0.075,-0.073,-0.065,-0.006,-0.231,0.090,-0.061,0.000,0.000,0.000,1497,1529,1807,1499,0.000,0.000,0.000,0,81,2,0.176,0.069,-0.064,0.181,0.351,0.038,0.031
57.629413000,5.492931000,5.619995,0,2906.976807,0,0,-0.066,2.457,0.938,0.064,0.027,0.075,-0.073,-0.065,-0.006,-0.231,0.090,-0.061,0.000,0.000,0.000,1497,1529,1807,1499,0.000,0.000,0.000,0,81,2,0.176,0.069,-0.064,0.181,0.351,0.038,0.031
57.679540000,5.543058000,5.619995,0,2906.976807,0,0,-0.066,2.457,0.938,0.064,0.027,0.075,-0.073,-0.065,-0.006,-0.231,0.090,-0.061,0.000,0.000,0.000,1497,1529,1807,1499,0.000,0.000,0.000,0,81,2,0.176,0.069,-0.064,0.181,0.351,0.038,0.031
57.698418000,5.561936000,5.710205,43,2906.976807,2384,0.0401,-0.057,2.460,0.944,0.071,0.028,0.071,-0.130,-0.052,-0.004,-0.331,0.104,-0.039,0.286,2.495,0.969,1498,1524,1801,1499,68.986,3.514,47.121,9,81,0,0.172,0.069,-0.071,0.169,0.343,0.035,0.025
57.708562000,5.572080000,5.719360,43,7.673125,2385,0.0010,-0.056,2.460,0.944,0.085,0.021,0.067,-0.137,-0.048,-0.009,-0.446,0.178,-0.183,0.286,2.495,0.969,1497,1517,1802,1498,69.328,3.549,47.152,1,81,0,0.171,0.069,-0.085,0.155,0.342,0.035,0.025
57.708909000,5.572427000,5.729980,43,98.667984,2386,-0.0103,-0.055,2.460,0.945,0.090,0.025,0.059,-0.145,-0.045,-0.008,-0.517,0.206,-0.118,0.286,2.495,0.969,1497,1515,1805,1498,69.669,3.584,47.182,1,81,0,0.170,0.070,-0.090,0.150,0.341,0.035,0.024
57.709118000,5.572636000,5.740112,43,2932.551270,2387,-0.0099,-0.054,2.461,0.945,0.103,0.027,0.058,-0.142,-0.048,-0.012,-0.320,0.091,-0.167,0.286,2.495,0.969,1498,1508,1804,1498,70.008,3.618,47.212,1,81,0,0.170,0.070,-0.103,0.137,0.339,0.035,0.024
57.709321000,5.572839000,5.750000,43,4878.048828,2388,-0.0097,-0.052,2.461,0.946,0.112,0.032,0.054,-0.144,-0.045,-0.013,-0.282,0.136,-0.147,0.286,2.495,0.969,1499,1503,1805,1498,70.346,3.653,47.241,1,81,0,0.169,0.070,-0.112,0.127,0.338,0.034,0.023
57.709525000,5.573043000,5.759888,43,5000.000000,2389,-0.0097,-0.051,2.462,0.946,0.120,0.037,0.052,-0.149,-0.044,-0.016,-0.342,0.141,-0.191,0.286,2.495,0.969,1500,1499,1805,1497,70.683,3.686,47.270,1,81,0,0.168,0.071,-0.120,0.119,0.337,0.034,0.023
57.709725000,5.573243000,5.770020,43,4975.124512,2390,-0.0099,-0.050,2.462,0.946,0.122,0.043,0.045,-0.158,-0.039,-0.017,-0.483,0.221,-0.164,0.286,2.495,0.969,1501,1498,1808,1497,71.018,3.719,47.298,1,81,0,0.168,0.071,-0.122,0.117,0.335,0.033,0.023
57.709931000,5.573449000,5.779907,43,5076.142090,2391,-0.0097,-0.048,2.463,0.947,0.127,0.046,0.042,-0.167,-0.037,-0.018,-0.591,0.230,-0.163,0.286,2.495,0.969,1502,1496,1808,1497,71.352,3.752,47.326,1,81,0,0.167,0.071,-0.127,0.112,0.334,0.032,0.022
57.710134000,5.573652000,5.789062,43,4926.108398,2392,-0.0090,-0.046,2.463,0.948,0.146,0.046,0.052,-0.153,-0.040,-0.029,-0.071,0.079,-0.417,0.286,2.495,0.969,1502,1486,1804,1495,71.684,3.784,47.352,1,81,0,0.166,0.072,-0.146,0.092,0.332,0.032,0.021
57.710337000,5.573855000,5.799805,43,5000.000000,2393,-0.0105,-0.045,2.464,0.948,0.146,0.048,0.053,-0.156,-0.041,-0.031,-0.114,0.040,-0.360,0.286,2.495,0.969,1502,1486,1803,1495,72.014,3.815,47.378,1,81,0,0.165,0.072,-0.146,0.091,0.330,0.031,0.021
57.710539000,5.574057000,5.808960,43,5000.000000,2394,-0.0090,-0.043,2.465,0.948,0.155,0.051,0.046,-0.159,-0.038,-0.037,-0.175,0.118,-0.432,0.286,2.495,0.969,1503,1481,1805,1494,72.343,3.846,47.404,1,81,0,0.164,0.072,-0.155,0.082,0.329,0.031,0.021
57.716714000,5.580232000,5.819946,43,5025.125488,2395,-0.0048,-0.042,2.465,0.949,0.150,0.052,0.039,-0.175,-0.032,-0.036,-0.500,0.216,-0.296,0.286,2.495,0.969,1503,1484,1807,1494,72.670,3.876,47.430,1,81,0,0.164,0.073,-0.150,0.087,0.327,0.030,0.020
57.723779000,5.587297000,5.828979,43,162.022034,2396,-0.0020,-0.040,2.466,0.949,0.162,0.053,0.046,-0.172,-0.034,-0.042,-0.266,0.115,-0.389,0.286,2.495,0.969,1504,1477,1804,1493,72.996,3.906,47.455,1,81,0,0.163,0.073,-0.162,0.074,0.325,0.030,0.020
57.738532000,5.602050000,5.840210,43,141.703278,2397,0.0035,-0.038,2.466,0.950,0.160,0.051,0.047,-0.173,-0.034,-0.046,-0.223,0.074,-0.390,0.286,2.495,0.969,1503,1478,1803,1492,73.319,3.935,47.479,1,81,0,0.162,0.073,-0.160,0.075,0.324,0.029,0.019
57.758657000,5.622175000,5.849976,43,67.815002,2398,0.0104,-0.036,2.467,0.950,0.164,0.051,0.052,-0.177,-0.035,-0.049,-0.283,0.045,-0.356,0.286,2.495,0.969,1503,1476,1801,1492,73.641,3.964,47.502,1,81,0,0.161,0.074,-0.164,0.071,0.322,0.029,0.019
57.772025000,5.635543000,5.859985,43,49.709202,2399,0.0034,-0.035,2.467,0.951,0.163,0.051,0.051,-0.181,-0.035,-0.051,-0.322,0.014,-0.325,0.286,2.495,0.969,1503,1477,1800,1492,73.962,3.993,47.525,1,81,0,0.160,0.074,-0.163,0.071,0.320,0.028,0.018
57.775163000,5.638681000,5.869995,43,74.844696,2400,-0.0069,-0.033,2.468,0.951,0.170,0.058,0.050,-0.184,-0.038,-0.056,-0.314,-0.063,-0.371,0.286,2.495,0.969,1505,1473,1800,1491,74.280,4.020,47.547,1,81,0,0.159,0.074,-0.170,0.064,0.319,0.027,0.018
57.778832000,5.642350000,5.879517,43,319.182892,2401,-0.0059,-0.031,2.468,0.952,0.165,0.055,0.049,-0.188,-0.038,-0.059,-0.338,-0.045,-0.368,0.286,2.495,0.969,1504,1475,1800,1491,74.597,4.047,47.568,1,81,0,0.159,0.075,-0.165,0.068,0.317,0.027,0.017
57.784295000,5.647813000,5.890015,43,273.000275,2402,-0.0050,-0.030,2.469,0.952,0.159,0.052,0.050,-0.195,-0.038,-0.062,-0.417,-0.026,-0.344,0.286,2.495,0.969,1504,1478,1799,1490,74.913,4.074,47.589,1,81,0,0.158,0.075,-0.159,0.073,0.316,0.027,0.017
57.796332000,5.659850000,5.900024,43,183.284454,2403,0.0020,-0.028,2.469,0.953,0.158,0.051,0.051,-0.202,-0.037,-0.064,-0.479,0.003,-0.296,0.286,2.495,0.969,1504,1478,1798,1490,75.227,4.100,47.609,1,81,0,0.157,0.075,-0.158,0.074,0.314,0.026,0.016
57.806875000,5.670393000,5.910034,43,83.132431,2404,0.0005,-0.027,2.470,0.953,0.157,0.052,0.047,-0.206,-0.035,-0.066,-0.470,0.058,-0.276,0.286,2.495,0.969,1504,1479,1799,1490,75.539,4.125,47.629,1,81,0,0.156,0.076,-0.157,0.075,0.312,0.026,0.016
57.817428000,5.680946000,5.919922,43,94.930702,2405,0.0007,-0.025,2.470,0.954,0.160,0.054,0.046,-0.208,-0.033,-0.069,-0.399,0.078,-0.280,0.286,2.495,0.969,1504,1477,1799,1489,75.850,4.150,47.648,1,81,0,0.155,0.076,-0.160,0.071,0.311,0.025,0.015
57.825170000,5.688688000,5.930054,43,94.822685,2406,-0.0024,-0.024,2.471,0.954,0.161,0.056,0.045,-0.211,-0.031,-0.072,-0.383,0.131,-0.277,0.286,2.495,0.969,1505,1477,1799,1489,76.159,4.175,47.667,1,81,0,0.155,0.076,-0.161,0.070,0.309,0.024,0.015
57.835537000,5.699055000,5.939697,43,129.249069,2407,0.0007,-0.022,2.472,0.955,0.166,0.054,0.048,-0.212,-0.030,-0.075,-0.295,0.101,-0.301,0.286,2.495,0.969,1505,1474,1797,1488,76.467,4.199,47.685,1,81,0,0.154,0.076,-0.166,0.064,0.307,0.024,0.014
57.848028000,5.711546000,5.949829,43,96.534416,2408,0.0024,-0.020,2.472,0.955,0.166,0.054,0.046,-0.214,-0.028,-0.078,-0.273,0.141,-0.297,0.286,2.495,0.969,1505,1474,1797,1488,76.772,4.222,47.703,1,81,0,0.153,0.077,-0.166,0.064,0.306,0.023,0.014
57.860598000,5.724116000,5.959961,43,80.108948,2409,0.0024,-0.018,2.473,0.956,0.168,0.052,0.049,-0.216,-0.029,-0.081,-0.267,0.077,-0.301,0.286,2.495,0.969,1505,1473,1795,1488,77.076,4.245,47.719,1,81,0,0.152,0.077,-0.168,0.061,0.304,0.023,0.013
57.884460000,5.747978000,5.969971,43,79.776627,2410,0.0138,-0.017,2.473,0.956,0.164,0.049,0.050,-0.223,-0.027,-0.084,-0.362,0.112,-0.305,0.286,2.495,0.969,1504,1475,1794,1487,77.379,4.267,47.735,1,81,0,0.151,0.077,-0.164,0.065,0.302,0.022,0.013
57.891649000,5.755167000,5.979980,43,41.923447,2411,-0.0028,-0.015,2.473,0.957,0.164,0.048,0.053,-0.226,-0.024,-0.088,-0.354,0.154,-0.326,0.286,2.495,0.969,1504,1474,1793,1487,77.680,4.289,47.751,1,81,0,0.150,0.078,-0.164,0.064,0.301,0.022,0.012
57.891998000,5.755516000,5.989990,43,139.217590,2412,-0.0097,-0.013,2.474,0.957,0.165,0.045,0.055,-0.229,-0.025,-0.093,-0.341,0.102,-0.373,0.286,2.495,0.969,1503,1474,1791,1486,77.979,4.311,47.765,1,81,0,0.150,0.078,-0.165,0.063,0.299,0.022,0.012
57.896166000,5.759684000,5.999878,43,2906.976807,2413,-0.0057,-0.012,2.474,0.958,0.171,0.043,0.055,-0.231,-0.026,-0.096,-0.311,0.047,-0.348,0.286,2.495,0.969,1503,1471,1791,1485,78.276,4.332,47.779,1,81,0,0.149,0.078,-0.171,0.056,0.297,0.021,0.011
57.906595000,5.770113000,6.009888,43,240.096039,2414,0.0004,-0.010,2.474,0.959,0.174,0.038,0.055,-0.236,-0.027,-0.099,-0.343,0.008,-0.333,0.286,2.495,0.969,1502,1469,1790,1485,78.571,4.353,47.792,1,81,0,0.148,0.079,-0.174,0.052,0.295,0.021,0.011
57.914409000,5.777927000,6.019897,43,95.960083,2415,-0.0022,-0.008,2.475,0.959,0.171,0.036,0.055,-0.240,-0.026,-0.100,-0.367,0.025,-0.281,0.286,2.495,0.969,1502,1470,1789,1485,78.865,4.374,47.805,1,81,0,0.147,0.079,-0.171,0.054,0.294,0.021,0.010
57.924508000,5.788026000,6.030029,43,128.106583,2416,-0.0000,-0.006,2.475,0.960,0.172,0.035,0.056,-0.245,-0.026,-0.102,-0.384,0.009,-0.253,0.286,2.495,0.969,1502,1470,1788,1485,79.157,4.395,47.817,1,81,0,0.146,0.079,-0.172,0.053,0.292,0.020,0.009
57.935486000,5.799004000,6.040161,43,99.098206,2417,0.0008,-0.005,2.475,0.960,0.173,0.029,0.057,-0.251,-0.026,-0.104,-0.441,0.028,-0.244,0.286,2.495,0.969,1501,1469,1787,1484,79.447,4.415,47.828,1,81,0,0.145,0.079,-0.173,0.052,0.290,0.020,0.009
57.946201000,5.809719000,6.050049,43,91.157700,2418,0.0008,-0.003,2.475,0.961,0.168,0.029,0.057,-0.254,-0.023,-0.107,-0.415,0.072,-0.263,0.286,2.495,0.969,1501,1472,1786,1484,79.736,4.435,47.838,1,81,0,0.144,0.080,-0.168,0.056,0.289,0.020,0.008
57.962274000,5.825792000,6.059814,43,93.379402,2419,0.0063,-0.001,2.476,0.961,0.172,0.026,0.058,-0.259,-0.024,-0.111,-0.447,0.041,-0.278,0.286,2.495,0.969,1500,1469,1785,1483,80.023,4.455,47.847,1,81,0,0.143,0.080,-0.172,0.052,0.287,0.020,0.008
57.966471000,5.829989000,6.069824,43,62.247120,2420,-0.0058,0.000,2.476,0.962,0.171,0.029,0.056,-0.260,-0.023,-0.113,-0.347,0.048,-0.258,0.286,2.495,0.969,1501,1470,1786,1483,80.308,4.474,47.856,1,81,0,0.143,0.080,-0.171,0.052,0.285,0.019,0.007
57.974625000,5.838143000,6.078857,43,238.720459,2421,-0.0009,0.002,2.476,0.962,0.179,0.027,0.057,-0.262,-0.024,-0.115,-0.318,0.030,-0.267,0.286,2.495,0.969,1501,1466,1785,1483,80.592,4.493,47.865,1,81,0,0.142,0.081,-0.179,0.044,0.283,0.019,0.007
57.985992000,5.849510000,6.089966,43,122.759636,2422,0.0003,0.004,2.476,0.963,0.174,0.027,0.053,-0.263,-0.022,-0.118,-0.251,0.057,-0.271,0.286,2.495,0.969,1501,1468,1785,1482,80.873,4.512,47.872,1,81,0,0.141,0.081,-0.174,0.047,0.282,0.019,0.006
57.995913000,5.859431000,6.099976,43,88.028168,2423,-0.0001,0.006,2.477,0.963,0.175,0.028,0.051,-0.261,-0.021,-0.122,-0.148,0.055,-0.289,0.286,2.495,0.969,1501,1467,1785,1482,81.153,4.531,47.879,1,81,0,0.140,0.081,-0.175,0.046,0.280,0.019,0.006
58.004954000,5.868472000,6.109985,43,100.877632,2424,-0.0010,0.008,2.477,0.964,0.177,0.026,0.050,-0.259,-0.020,-0.126,-0.057,0.069,-0.326,0.286,2.495,0.969,1500,1466,1785,1481,81.431,4.550,47.886,1,81,0,0.139,0.081,-0.177,0.044,0.278,0.018,0.005
58.015854000,5.879372000,6.119873,43,110.705193,2425,0.0010,0.009,2.477,0.964,0.176,0.026,0.050,-0.261,-0.017,-0.130,-0.111,0.150,-0.330,0.286,2.495,0.969,1500,1466,1785,1481,81.708,4.568,47.892,1,81,0,0.138,0.082,-0.176,0.043,0.276,0.018,0.005
58.025320000,5.888838000,6.130005,43,91.802078,2426,-0.0007,0.011,2.478,0.965,0.183,0.028,0.047,-0.254,-0.017,-0.132,0.112,0.097,-0.320,0.286,2.495,0.969,1501,1463,1785,1480,81.982,4.586,47.897,1,81,0,0.137,0.082,-0.183,0.036,0.274,0.018,0.004
58.034347000,5.897865000,6.140015,43,105.730598,2427,-0.0010,0.013,2.478,0.965,0.188,0.032,0.045,-0.251,-0.015,-0.134,0.135,0.123,-0.277,0.286,2.495,0.969,1502,1460,1785,1480,82.254,4.603,47.902,1,81,0,0.136,0.082,-0.188,0.030,0.272,0.017,0.004
58.046012000,5.909530000,6.150146,43,110.889336,2428,0.0015,0.015,2.479,0.966,0.191,0.038,0.044,-0.249,-0.014,-0.136,0.175,0.123,-0.266,0.286,2.495,0.969,1503,1458,1785,1480,82.524,4.620,47.906,1,81,0,0.135,0.083,-0.191,0.027,0.270,0.017,0.004
58.064165000,5.927683000,6.159912,43,85.785362,2429,0.0084,0.017,2.479,0.966,0.194,0.042,0.042,-0.246,-0.010,-0.139,0.184,0.194,-0.273,0.286,2.495,0.969,1504,1457,1786,1479,82.792,4.636,47.910,1,81,0,0.134,0.083,-0.194,0.023,0.268,0.016,0.003
58.076839000,5.940357000,6.169434,43,55.111603,2430,0.0031,0.020,2.480,0.966,0.201,0.046,0.043,-0.245,-0.007,-0.143,0.175,0.228,-0.317,0.286,2.495,0.969,1505,1453,1785,1479,83.059,4.652,47.914,1,81,0,0.133,0.083,-0.201,0.015,0.266,0.016,0.003
58.077188000,5.940706000,6.179932,43,78.951523,2431,-0.0102,0.022,2.480,0.967,0.201,0.047,0.041,-0.246,-0.002,-0.147,0.113,0.278,-0.320,0.286,2.495,0.969,1505,1453,1785,1478,83.323,4.668,47.917,1,81,0,0.132,0.083,-0.201,0.014,0.264,0.015,0.002
58.088630000,5.952148000,6.189819,43,2915.451904,2432,0.0016,0.024,2.481,0.967,0.206,0.048,0.040,-0.248,0.001,-0.151,0.018,0.300,-0.341,0.286,2.495,0.969,1505,1450,1785,1478,83.584,4.682,47.919,1,81,0,0.131,0.084,-0.206,0.009,0.262,0.015,0.002
58.109550000,5.973068000,6.200439,43,87.420227,2433,0.0103,0.026,2.481,0.967,0.204,0.050,0.036,-0.249,0.002,-0.155,-0.005,0.237,-0.351,0.286,2.495,0.969,1506,1451,1786,1477,83.844,4.696,47.922,1,81,0,0.130,0.084,-0.204,0.010,0.260,0.014,0.002
58.109897000,5.973415000,6.210083,43,47.817146,2434,-0.0093,0.028,2.482,0.968,0.208,0.052,0.035,-0.254,0.004,-0.158,-0.123,0.242,-0.342,0.286,2.495,0.969,1506,1449,1786,1477,84.102,4.710,47.923,1,81,0,0.129,0.084,-0.208,0.005,0.258,0.014,0.001
58.119076000,5.982594000,6.219971,43,2923.976562,2435,-0.0007,0.030,2.482,0.968,0.208,0.052,0.034,-0.258,0.008,-0.162,-0.207,0.283,-0.353,0.286,2.495,0.969,1506,1449,1786,1476,84.357,4.723,47.925,1,81,0,0.128,0.084,-0.208,0.004,0.256,0.013,0.001
58.126652000,5.990170000,6.229980,43,108.979950,2436,-0.0024,0.032,2.483,0.968,0.208,0.052,0.033,-0.264,0.011,-0.164,-0.298,0.289,-0.316,0.286,2.495,0.969,1506,1448,1786,1476,84.611,4.736,47.926,1,81,0,0.127,0.085,-0.208,0.004,0.253,0.013,0.001
58.137053000,6.000571000,6.239990,43,132.100403,2437,0.0004,0.034,2.483,0.969,0.211,0.054,0.032,-0.268,0.013,-0.165,-0.311,0.254,-0.266,0.286,2.495,0.969,1507,1447,1786,1476,84.862,4.748,47.926,1,81,0,0.126,0.085,-0.211,-0.000,0.251,0.012,0.001
58.151043000,6.014561000,6.250000,43,96.209351,2438,0.0040,0.036,2.484,0.969,0.211,0.057,0.029,-0.275,0.017,-0.165,-0.420,0.288,-0.205,0.286,2.495,0.969,1508,1446,1787,1476,85.111,4.759,47.927,1,81,0,0.125,0.085,-0.211,-0.001,0.249,0.011,0.000
58.169377000,6.032895000,6.259888,43,71.520523,2439,0.0084,0.039,2.485,0.969,0.211,0.060,0.029,-0.280,0.019,-0.168,-0.437,0.278,-0.213,0.286,2.495,0.969,1508,1446,1787,1475,85.358,4.770,47.927,1,81,0,0.124,0.085,-0.211,-0.002,0.247,0.011,0.000
58.176079000,6.039597000,6.270264,43,54.558350,2440,-0.0037,0.041,2.485,0.969,0.207,0.061,0.028,-0.286,0.025,-0.171,-0.487,0.348,-0.249,0.286,2.495,0.969,1509,1448,1787,1475,85.603,4.780,47.927,1,81,0,0.123,0.086,-0.207,0.001,0.245,0.010,-0.000
58.176364000,6.039882000,6.280029,43,149.387512,2441,-0.0095,0.043,2.486,0.970,0.207,0.062,0.028,-0.292,0.029,-0.176,-0.516,0.364,-0.299,0.286,2.495,0.969,1509,1448,1786,1474,85.846,4.789,47.926,1,81,0,0.121,0.086,-0.207,0.000,0.243,0.009,-0.000
58.188089000,6.051607000,6.290161,43,3584.229492,2442,0.0016,0.045,2.487,0.970,0.208,0.062,0.024,-0.296,0.033,-0.179,-0.470,0.372,-0.302,0.286,2.495,0.969,1509,1447,1787,1474,86.087,4.798,47.925,1,81,0,0.120,0.086,-0.208,-0.001,0.241,0.009,-0.001
58.198877000,6.062395000,6.299683,43,85.309677,2443,0.0013,0.047,2.487,0.970,0.212,0.062,0.024,-0.301,0.036,-0.181,-0.492,0.353,-0.295,0.286,2.495,0.969,1509,1445,1787,1473,86.326,4.806,47.924,1,81,0,0.119,0.086,-0.212,-0.006,0.239,0.008,-0.001
58.205588000,6.069106000,6.309814,43,92.764381,2444,-0.0034,0.049,2.488,0.970,0.215,0.065,0.020,-0.297,0.035,-0.185,-0.273,0.240,-0.306,0.286,2.495,0.969,1510,1443,1788,1473,86.562,4.813,47.923,1,81,0,0.118,0.087,-0.215,-0.010,0.236,0.007,-0.001
58.220667000,6.084185000,6.319824,43,149.120193,2445,0.0051,0.051,2.489,0.970,0.215,0.066,0.020,-0.300,0.041,-0.190,-0.264,0.320,-0.347,0.286,2.495,0.969,1510,1443,1788,1472,86.796,4.820,47.922,1,81,0,0.117,0.087,-0.215,-0.011,0.234,0.007,-0.001
58.228297000,6.091815000,6.329956,43,66.357002,2446,-0.0025,0.053,2.489,0.970,0.213,0.063,0.022,-0.300,0.044,-0.194,-0.205,0.322,-0.373,0.286,2.495,0.969,1510,1444,1787,1471,87.029,4.826,47.920,1,81,0,0.116,0.087,-0.213,-0.010,0.232,0.006,-0.001
58.235399000,6.098917000,6.339722,43,131.199158,2447,-0.0027,0.056,2.490,0.971,0.216,0.065,0.023,-0.302,0.048,-0.197,-0.212,0.338,-0.355,0.286,2.495,0.969,1510,1442,1787,1471,87.259,4.831,47.918,1,81,0,0.115,0.087,-0.216,-0.014,0.230,0.005,-0.002
58.247822000,6.111340000,6.349976,43,140.924469,2448,0.0022,0.058,2.491,0.971,0.216,0.067,0.026,-0.304,0.050,-0.199,-0.198,0.311,-0.313,0.286,2.495,0.969,1511,1442,1785,1471,87.486,4.836,47.916,1,81,0,0.114,0.087,-0.216,-0.015,0.228,0.005,-0.002
58.262518000,6.126036000,6.360229,43,80.547722,2449,0.0044,0.060,2.492,0.971,0.217,0.073,0.025,-0.302,0.052,-0.200,-0.105,0.276,-0.264,0.286,2.495,0.969,1512,1441,1785,1471,87.712,4.840,47.913,1,81,0,0.113,0.088,-0.217,-0.016,0.226,0.004,-0.002
58.270818000,6.134336000,6.369629,43,68.082787,2450,-0.0011,0.062,2.492,0.972,0.224,0.074,0.033,-0.305,0.053,-0.202,-0.160,0.249,-0.236,0.286,2.495,0.969,1512,1437,1782,1471,87.935,4.843,47.909,1,81,0,0.112,0.088,-0.224,-0.025,0.223,0.003,-0.003
58.274595000,6.138113000,6.380005,43,120.569084,2451,-0.0066,0.064,2.493,0.972,0.217,0.071,0.036,-0.308,0.056,-0.204,-0.188,0.264,-0.228,0.286,2.495,0.969,1512,1441,1780,1470,88.156,4.845,47.905,1,81,0,0.111,0.088,-0.217,-0.018,0.221,0.002,-0.003
58.285591000,6.149109000,6.389893,43,265.322357,2452,0.0011,0.067,2.494,0.973,0.216,0.070,0.042,-0.312,0.060,-0.207,-0.244,0.275,-0.255,0.286,2.495,0.969,1512,1441,1777,1470,88.375,4.847,47.900,1,81,0,0.110,0.088,-0.216,-0.019,0.219,0.002,-0.004
58.294417000,6.157935000,6.400024,43,91.008369,2453,-0.0013,0.069,2.494,0.974,0.215,0.069,0.048,-0.319,0.061,-0.209,-0.353,0.232,-0.251,0.286,2.495,0.969,1512,1441,1775,1470,88.592,4.848,47.895,1,81,0,0.108,0.089,-0.215,-0.018,0.217,0.001,-0.004
58.305339000,6.168857000,6.410034,43,113.417259,2454,0.0009,0.071,2.495,0.974,0.213,0.071,0.048,-0.323,0.062,-0.211,-0.380,0.211,-0.239,0.286,2.495,0.969,1512,1442,1774,1469,88.807,4.848,47.889,1,81,0,0.107,0.089,-0.213,-0.017,0.215,0.000,-0.005
58.313819000,6.177337000,6.417847,43,91.625435,2455,0.0007,0.073,2.496,0.975,0.229,0.074,0.055,-0.329,0.062,-0.213,-0.459,0.160,-0.238,0.286,2.495,0.969,1513,1434,1771,1469,89.020,4.848,47.882,1,81,0,0.106,0.089,-0.229,-0.034,0.213,-0.000,-0.006
58.337947000,6.201465000,6.429932,43,118.035881,2456,0.0120,0.075,2.496,0.975,0.218,0.069,0.052,-0.332,0.062,-0.216,-0.419,0.126,-0.232,0.286,2.495,0.969,1512,1439,1771,1469,89.230,4.847,47.874,1,81,0,0.105,0.089,-0.218,-0.024,0.210,-0.001,-0.006
58.348469000,6.211987000,6.440063,43,41.459370,2457,0.0004,0.077,2.497,0.976,0.213,0.066,0.055,-0.339,0.068,-0.220,-0.483,0.238,-0.281,0.286,2.495,0.969,1512,1442,1770,1468,89.439,4.845,47.866,1,81,0,0.104,0.089,-0.213,-0.019,0.208,-0.002,-0.007
58.348797000,6.212315000,6.450073,43,95.093193,2458,-0.0097,0.079,2.498,0.976,0.213,0.068,0.057,-0.340,0.070,-0.223,-0.376,0.216,-0.290,0.286,2.495,0.969,1512,1441,1768,1467,89.645,4.843,47.856,1,81,0,0.103,0.090,-0.213,-0.020,0.206,-0.002,-0.007
58.358167000,6.221685000,6.460083,43,3095.975342,2459,-0.0006,0.081,2.498,0.977,0.214,0.067,0.060,-0.343,0.070,-0.224,-0.364,0.178,-0.245,0.286,2.495,0.969,1512,1440,1766,1467,89.849,4.840,47.846,1,81,0,0.102,0.090,-0.214,-0.022,0.204,-0.003,-0.008
58.371317000,6.234835000,6.470337,43,106.769165,2460,0.0029,0.083,2.499,0.978,0.208,0.067,0.060,-0.346,0.073,-0.224,-0.354,0.203,-0.182,0.286,2.495,0.969,1512,1443,1765,1467,90.051,4.836,47.836,1,81,0,0.101,0.090,-0.208,-0.017,0.202,-0.004,-0.009
58.377624000,6.241142000,6.479980,43,76.091919,2461,-0.0033,0.086,2.500,0.978,0.212,0.066,0.064,-0.351,0.073,-0.223,-0.374,0.158,-0.108,0.286,2.495,0.969,1512,1441,1763,1468,90.251,4.832,47.824,1,81,0,0.100,0.090,-0.212,-0.022,0.200,-0.004,-0.009
58.385890000,6.249408000,6.488403,43,158.730164,2462,-0.0002,0.087,2.500,0.979,0.215,0.068,0.071,-0.358,0.075,-0.225,-0.486,0.156,-0.136,0.286,2.495,0.969,1513,1439,1760,1467,90.450,4.827,47.811,1,81,0,0.099,0.090,-0.215,-0.025,0.198,-0.005,-0.010
58.395567000,6.259085000,6.500000,43,121.080032,2463,-0.0019,0.089,2.501,0.980,0.204,0.065,0.067,-0.362,0.079,-0.227,-0.463,0.209,-0.137,0.286,2.495,0.969,1512,1445,1760,1467,90.646,4.821,47.798,1,81,0,0.098,0.091,-0.204,-0.015,0.196,-0.006,-0.011
58.408233000,6.271751000,6.510132,43,103.423309,2464,0.0025,0.091,2.502,0.981,0.203,0.065,0.068,-0.366,0.079,-0.230,-0.440,0.156,-0.172,0.286,2.495,0.969,1512,1445,1759,1467,90.840,4.815,47.783,1,81,0,0.097,0.091,-0.203,-0.015,0.194,-0.006,-0.012
58.415788000,6.279306000,6.519897,43,79.001419,2465,-0.0022,0.093,2.502,0.981,0.204,0.065,0.065,-0.367,0.079,-0.232,-0.368,0.123,-0.185,0.286,2.495,0.969,1513,1444,1760,1466,91.032,4.808,47.768,1,81,0,0.096,0.091,-0.204,-0.017,0.192,-0.007,-0.012
58.425764000,6.289282000,6.530029,43,132.485428,2466,-0.0002,0.095,2.503,0.982,0.200,0.065,0.061,-0.368,0.080,-0.235,-0.283,0.123,-0.218,0.286,2.495,0.969,1513,1446,1761,1466,91.222,4.801,47.752,1,81,0,0.095,0.091,-0.200,-0.014,0.190,-0.008,-0.013
58.434454000,6.297972000,6.540161,43,100.321030,2467,-0.0015,0.097,2.503,0.982,0.198,0.062,0.062,-0.371,0.082,-0.238,-0.302,0.136,-0.235,0.286,2.495,0.969,1512,1447,1759,1466,91.411,4.793,47.736,1,81,0,0.094,0.091,-0.198,-0.012,0.188,-0.008,-0.013
58.444999000,6.308517000,6.549927,43,115.194099,2468,0.0008,0.099,2.504,0.983,0.195,0.063,0.057,-0.372,0.084,-0.240,-0.257,0.156,-0.224,0.286,2.495,0.969,1513,1448,1760,1465,91.597,4.784,47.719,1,81,0,0.093,0.092,-0.195,-0.010,0.186,-0.009,-0.014
58.455178000,6.318696000,6.560181,43,94.903671,2469,-0.0001,0.101,2.505,0.983,0.192,0.060,0.057,-0.377,0.086,-0.242,-0.299,0.152,-0.219,0.286,2.495,0.969,1512,1450,1760,1465,91.782,4.775,47.701,1,81,0,0.092,0.092,-0.192,-0.008,0.185,-0.009,-0.014
58.475102000,6.338620000,6.570068,43,98.318748,2470,0.0100,0.103,2.505,0.984,0.200,0.054,0.067,-0.356,0.081,-0.247,0.305,-0.018,-0.287,0.286,2.495,0.969,1511,1446,1755,1464,91.964,4.765,47.682,1,81,0,0.091,0.092,-0.200,-0.016,0.182,-0.010,-0.015
58.487619000,6.351137000,6.579956,43,50.205845,2471,0.0026,0.105,2.506,0.985,0.199,0.056,0.057,-0.361,0.081,-0.248,0.104,-0.002,-0.249,0.286,2.495,0.969,1512,1445,1758,1464,92.144,4.755,47.663,1,81,0,0.090,0.092,-0.199,-0.017,0.180,-0.010,-0.015
58.487968000,6.351486000,6.589844,43,79.942444,2472,-0.0095,0.107,2.506,0.985,0.195,0.058,0.047,-0.366,0.084,-0.250,-0.057,0.074,-0.246,0.286,2.495,0.969,1512,1448,1762,1464,92.323,4.744,47.643,1,81,0,0.089,0.092,-0.195,-0.013,0.179,-0.011,-0.016
58.496654000,6.360172000,6.599854,43,2915.451904,2473,-0.0013,0.109,2.507,0.985,0.193,0.060,0.045,-0.369,0.087,-0.254,-0.126,0.129,-0.281,0.286,2.495,0.969,1512,1448,1762,1463,92.500,4.733,47.623,1,81,0,0.088,0.092,-0.193,-0.012,0.177,-0.011,-0.016
58.507183000,6.370701000,6.609985,43,115.154305,2474,0.0004,0.111,2.508,0.986,0.190,0.060,0.045,-0.370,0.087,-0.259,-0.101,0.104,-0.325,0.286,2.495,0.969,1513,1449,1761,1462,92.675,4.721,47.603,1,81,0,0.087,0.093,-0.190,-0.010,0.175,-0.012,-0.016
58.521499000,6.385017000,6.619629,43,95.029938,2475,0.0047,0.112,2.508,0.986,0.189,0.060,0.046,-0.375,0.090,-0.263,-0.209,0.149,-0.356,0.286,2.495,0.969,1513,1450,1760,1462,92.848,4.708,47.582,1,81,0,0.087,0.093,-0.189,-0.009,0.173,-0.013,-0.017
58.525774000,6.389292000,6.630005,43,69.886086,2476,-0.0061,0.114,2.509,0.986,0.187,0.059,0.042,-0.375,0.088,-0.268,-0.159,0.064,-0.381,0.286,2.495,0.969,1513,1450,1761,1461,93.019,4.695,47.560,1,81,0,0.086,0.093,-0.187,-0.009,0.171,-0.013,-0.017
58.534525000,6.398043000,6.639771,43,234.192032,2477,-0.0010,0.116,2.509,0.987,0.190,0.059,0.041,-0.377,0.090,-0.272,-0.172,0.094,-0.397,0.286,2.495,0.969,1513,1449,1761,1460,93.188,4.681,47.538,1,81,0,0.085,0.093,-0.190,-0.012,0.169,-0.014,-0.018
58.545747000,6.409265000,6.650024,43,114.390297,2478,0.0010,0.118,2.510,0.987,0.189,0.061,0.045,-0.378,0.087,-0.277,-0.161,0.002,-0.417,0.286,2.495,0.969,1513,1449,1759,1460,93.356,4.667,47.515,1,81,0,0.084,0.093,-0.189,-0.012,0.167,-0.014,-0.018
58.554548000,6.418066000,6.659912,43,89.166298,2479,-0.0011,0.120,2.510,0.988,0.188,0.057,0.045,-0.380,0.089,-0.279,-0.165,0.042,-0.369,0.286,2.495,0.969,1513,1450,1759,1459,93.521,4.652,47.492,1,81,0,0.083,0.094,-0.188,-0.012,0.166,-0.015,-0.019
58.589011000,6.452529000,6.659912,0,113.700966,0,0,0.120,2.510,0.988,0.188,0.057,0.045,-0.380,0.089,-0.279,-0.165,0.042,-0.369,0.000,0.000,0.000,1513,1450,1759,1459,0.000,0.000,0.000,0,81,2,0.083,0.094,-0.188,-0.012,0.166,-0.015,-0.019
58.596531000,6.460049000,6.670044,43,113.700966,2480,0.0318,0.122,2.511,0.988,0.190,0.056,0.046,-0.381,0.087,-0.280,-0.137,0.004,-0.287,0.286,2.495,0.969,1512,1448,1758,1459,93.685,4.636,47.468,1,81,0,0.082,0.094,-0.190,-0.015,0.164,-0.015,-0.019
58.596812000,6.460330000,6.679810,43,23.822002,2481,-0.0095,0.124,2.511,0.989,0.190,0.054,0.045,-0.377,0.085,-0.281,-0.010,-0.051,-0.238,0.286,2.495,0.969,1512,1448,1758,1459,93.847,4.620,47.444,1,81,0,0.081,0.094,-0.190,-0.015,0.162,-0.016,-0.020
58.597018000,6.460536000,6.690063,43,3636.363525,2482,-0.0101,0.126,2.512,0.989,0.188,0.053,0.046,-0.382,0.086,-0.280,-0.139,-0.017,-0.159,0.286,2.495,0.969,1512,1449,1757,1460,94.007,4.604,47.418,1,81,0,0.080,0.094,-0.188,-0.014,0.160,-0.016,-0.020
58.619624000,6.483142000,6.690063,0,4926.108398,0,0,0.126,2.512,0.989,0.188,0.053,0.046,-0.382,0.086,-0.280,-0.139,-0.017,-0.159,0.000,0.000,0.000,1512,1449,1757,1460,0.000,0.000,0.000,0,81,2,0.080,0.094,-0.188,-0.014,0.160,-0.016,-0.020
58.634423000,6.497941000,6.699707,43,4926.108398,2483,0.0278,0.128,2.512,0.990,0.188,0.052,0.050,-0.383,0.087,-0.281,-0.114,-0.003,-0.157,0.286,2.495,0.969,1512,1449,1755,1459,94.165,4.587,47.393,1,81,0,0.079,0.094,-0.188,-0.015,0.158,-0.017,-0.021
58.634788000,6.498306000,6.709839,43,26.736538,2484,-0.0098,0.129,2.513,0.990,0.189,0.052,0.051,-0.387,0.088,-0.282,-0.198,0.039,-0.124,0.286,2.495,0.969,1512,1448,1753,1459,94.321,4.569,47.366,1,81,0,0.078,0.094,-0.189,-0.016,0.156,-0.017,-0.021
58.635001000,6.498519000,6.719971,43,2793.296143,2485,-0.0099,0.132,2.514,0.991,0.192,0.054,0.049,-0.389,0.089,-0.282,-0.184,0.050,-0.097,0.286,2.495,0.969,1513,1447,1754,1460,94.475,4.551,47.339,1,81,0,0.077,0.094,-0.192,-0.020,0.154,-0.018,-0.022
58.635203000,6.498721000,6.730225,43,4784.688965,2486,-0.0101,0.134,2.514,0.991,0.195,0.052,0.048,-0.388,0.089,-0.284,-0.125,0.031,-0.126,0.286,2.495,0.969,1512,1445,1754,1459,94.627,4.533,47.311,1,81,0,0.076,0.095,-0.195,-0.024,0.152,-0.019,-0.022
58.639032000,6.502550000,6.739502,43,5025.125488,2487,-0.0055,0.136,2.514,0.992,0.202,0.053,0.048,-0.393,0.090,-0.286,-0.232,0.061,-0.137,0.286,2.495,0.969,1513,1441,1753,1459,94.777,4.514,47.283,1,81,0,0.075,0.095,-0.202,-0.033,0.150,-0.019,-0.023
58.648942000,6.512460000,6.750000,43,261.369568,2488,-0.0006,0.138,2.515,0.992,0.200,0.050,0.047,-0.395,0.091,-0.288,-0.208,0.059,-0.162,0.286,2.495,0.969,1512,1442,1753,1459,94.925,4.494,47.255,1,81,0,0.074,0.095,-0.200,-0.031,0.148,-0.019,-0.023
58.653926000,6.517444000,6.759277,43,100.989700,2489,-0.0043,0.140,2.515,0.993,0.205,0.049,0.049,-0.403,0.094,-0.290,-0.371,0.117,-0.175,0.286,2.495,0.969,1512,1439,1751,1458,95.071,4.474,47.225,1,81,0,0.073,0.095,-0.205,-0.037,0.146,-0.020,-0.024
58.664711000,6.528229000,6.770020,43,200.924255,2490,0.0000,0.142,2.516,0.993,0.201,0.047,0.048,-0.408,0.095,-0.291,-0.390,0.121,-0.158,0.286,2.495,0.969,1512,1441,1751,1458,95.214,4.454,47.195,1,81,0,0.072,0.095,-0.201,-0.034,0.144,-0.020,-0.024
58.680014000,6.543532000,6.780273,43,92.781593,2491,0.0050,0.144,2.516,0.993,0.204,0.045,0.045,-0.413,0.095,-0.292,-0.427,0.093,-0.144,0.286,2.495,0.969,1512,1439,1752,1458,95.356,4.433,47.165,1,81,0,0.071,0.095,-0.204,-0.038,0.142,-0.021,-0.024
58.688493000,6.552011000,6.790161,43,65.380844,2492,-0.0014,0.146,2.517,0.994,0.207,0.046,0.045,-0.418,0.095,-0.293,-0.446,0.057,-0.127,0.286,2.495,0.969,1512,1437,1751,1458,95.495,4.412,47.134,1,81,0,0.070,0.095,-0.207,-0.042,0.139,-0.021,-0.025
58.700185000,6.563703000,6.800049,43,118.021950,2493,0.0018,0.148,2.517,0.994,0.206,0.045,0.043,-0.428,0.099,-0.294,-0.581,0.144,-0.120,0.286,2.495,0.969,1512,1438,1752,1458,95.633,4.390,47.102,1,81,0,0.069,0.096,-0.206,-0.042,0.137,-0.022,-0.025
58.704456000,6.567974000,6.809937,43,85.594452,2494,-0.0056,0.150,2.518,0.995,0.206,0.044,0.045,-0.433,0.098,-0.296,-0.558,0.104,-0.147,0.286,2.495,0.969,1512,1437,1751,1457,95.768,4.368,47.070,1,81,0,0.068,0.096,-0.206,-0.043,0.135,-0.022,-0.026
58.714644000,6.578162000,6.819946,43,234.411621,2495,0.0002,0.152,2.518,0.995,0.203,0.041,0.043,-0.440,0.103,-0.301,-0.601,0.182,-0.231,0.286,2.495,0.969,1511,1439,1750,1457,95.902,4.346,47.037,1,81,0,0.067,0.096,-0.203,-0.040,0.134,-0.022,-0.026
58.722831000,6.586349000,6.827881,43,98.222176,2496,0.0002,0.154,2.518,0.995,0.216,0.043,0.043,-0.443,0.103,-0.304,-0.538,0.144,-0.258,0.286,2.495,0.969,1511,1432,1750,1456,96.033,4.323,47.004,1,81,0,0.066,0.096,-0.216,-0.054,0.131,-0.023,-0.026
58.735362000,6.598880000,6.839966,43,122.264336,2497,0.0004,0.156,2.518,0.996,0.204,0.038,0.039,-0.449,0.104,-0.306,-0.525,0.131,-0.245,0.286,2.495,0.969,1511,1438,1750,1456,96.163,4.300,46.971,1,81,0,0.065,0.096,-0.204,-0.043,0.129,-0.023,-0.027
58.744522000,6.608040000,6.849854,43,79.942444,2498,-0.0007,0.158,2.519,0.996,0.199,0.034,0.037,-0.450,0.104,-0.308,-0.438,0.108,-0.238,0.286,2.495,0.969,1510,1440,1750,1456,96.290,4.277,46.937,1,81,0,0.064,0.096,-0.199,-0.039,0.128,-0.023,-0.027
58.756867000,6.620385000,6.859985,43,109.265732,2499,0.0022,0.160,2.519,0.996,0.196,0.031,0.036,-0.452,0.104,-0.310,-0.378,0.076,-0.210,0.286,2.495,0.969,1509,1441,1751,1455,96.416,4.254,46.903,1,81,0,0.063,0.096,-0.196,-0.037,0.126,-0.023,-0.027
58.777938000,6.641456000,6.869995,43,81.037277,2500,0.0111,0.162,2.519,0.997,0.196,0.029,0.033,-0.454,0.104,-0.310,-0.320,0.063,-0.178,0.286,2.495,0.969,1509,1441,1751,1455,96.540,4.230,46.868,1,81,0,0.062,0.097,-0.196,-0.038,0.124,-0.024,-0.028
58.789119000,6.652637000,6.880005,43,47.476616,2501,0.0012,0.164,2.519,0.997,0.191,0.027,0.029,-0.452,0.104,-0.313,-0.183,0.037,-0.187,0.286,2.495,0.969,1509,1443,1752,1455,96.662,4.206,46.834,1,81,0,0.061,0.097,-0.191,-0.033,0.122,-0.024,-0.028
58.789467000,6.652985000,6.890015,43,89.477455,2502,-0.0097,0.165,2.520,0.997,0.189,0.026,0.026,-0.453,0.106,-0.315,-0.180,0.079,-0.190,0.286,2.495,0.969,1509,1444,1753,1455,96.782,4.182,46.799,1,81,0,0.060,0.097,-0.189,-0.032,0.120,-0.024,-0.028
58.796595000,6.660113000,6.900024,43,2915.451904,2503,-0.0029,0.167,2.520,0.997,0.186,0.026,0.025,-0.451,0.107,-0.318,-0.084,0.094,-0.224,0.286,2.495,0.969,1509,1445,1753,1454,96.900,4.157,46.764,1,81,0,0.059,0.097,-0.186,-0.030,0.118,-0.024,-0.028
58.804877000,6.668395000,6.907837,43,140.350876,2504,0.0005,0.169,2.520,0.997,0.199,0.028,0.019,-0.449,0.109,-0.321,0.009,0.115,-0.254,0.286,2.495,0.969,1509,1439,1755,1454,97.017,4.133,46.728,1,81,0,0.058,0.097,-0.199,-0.043,0.117,-0.025,-0.028
58.814458000,6.677976000,6.919678,43,120.860527,2505,-0.0023,0.171,2.520,0.997,0.185,0.026,0.016,-0.447,0.112,-0.324,0.052,0.145,-0.261,0.286,2.495,0.969,1509,1446,1756,1453,97.132,4.108,46.693,1,81,0,0.057,0.097,-0.185,-0.030,0.115,-0.025,-0.028
58.828618000,6.692136000,6.929443,43,104.460464,2506,0.0044,0.173,2.520,0.997,0.188,0.019,0.013,-0.444,0.112,-0.329,0.117,0.126,-0.325,0.286,2.495,0.969,1507,1444,1757,1452,97.245,4.083,46.658,1,81,0,0.056,0.097,-0.188,-0.034,0.113,-0.025,-0.028
58.842300000,6.705818000,6.940063,43,70.656395,2507,0.0031,0.174,2.520,0.997,0.182,0.016,0.009,-0.443,0.112,-0.331,0.104,0.091,-0.290,0.286,2.495,0.969,1507,1447,1759,1452,97.356,4.058,46.622,1,81,0,0.056,0.097,-0.182,-0.029,0.111,-0.025,-0.028
58.845297000,6.708815000,6.949951,43,73.131493,2508,-0.0069,0.176,2.520,0.997,0.181,0.012,0.007,-0.442,0.113,-0.333,0.099,0.093,-0.266,0.286,2.495,0.969,1506,1447,1760,1452,97.465,4.033,46.587,1,81,0,0.055,0.097,-0.181,-0.029,0.109,-0.025,-0.028
58.854469000,6.717987000,6.959961,43,334.336334,2509,-0.0008,0.178,2.520,0.997,0.175,0.010,0.006,-0.440,0.113,-0.336,0.124,0.066,-0.270,0.286,2.495,0.969,1506,1450,1760,1452,97.573,4.008,46.552,1,81,0,0.054,0.098,-0.175,-0.023,0.108,-0.025,-0.028
58.866580000,6.730098000,6.969971,43,109.122650,2510,0.0021,0.179,2.521,0.997,0.172,0.010,0.003,-0.443,0.114,-0.338,0.034,0.074,-0.251,0.286,2.495,0.969,1506,1451,1761,1451,97.679,3.983,46.516,1,81,0,0.053,0.098,-0.172,-0.022,0.106,-0.025,-0.028
58.884074000,6.747592000,6.978882,43,82.624146,2511,0.0086,0.181,2.521,0.997,0.177,0.010,0.004,-0.444,0.115,-0.340,-0.011,0.094,-0.262,0.286,2.495,0.969,1506,1449,1761,1451,97.784,3.958,46.481,1,81,0,0.052,0.098,-0.177,-0.027,0.105,-0.025,-0.028
58.892781000,6.756299000,6.989868,43,57.185337,2512,-0.0023,0.183,2.521,0.997,0.170,0.011,-0.000,-0.443,0.116,-0.343,0.012,0.096,-0.260,0.286,2.495,0.969,1506,1452,1762,1451,97.887,3.932,46.446,1,81,0,0.051,0.098,-0.170,-0.021,0.103,-0.025,-0.028
58.902861000,6.766379000,6.999268,43,114.955742,2513,0.0007,0.184,2.521,0.997,0.170,0.014,-0.002,-0.442,0.117,-0.346,0.046,0.093,-0.272,0.286,2.495,0.969,1506,1452,1763,1450,97.988,3.907,46.410,1,81,0,0.051,0.098,-0.170,-0.021,0.101,-0.026,-0.028
58.914923000,6.778441000,7.010010,43,99.255585,2514,0.0013,0.186,2.521,0.997,0.166,0.015,-0.004,-0.443,0.120,-0.348,0.009,0.141,-0.250,0.286,2.495,0.969,1507,1453,1764,1450,98.088,3.881,46.375,1,81,0,0.050,0.098,-0.166,-0.018,0.100,-0.026,-0.028
58.915272000,6.778790000,7.020020,43,82.953133,2515,-0.0097,0.188,2.521,0.997,0.167,0.017,-0.006,-0.443,0.123,-0.349,-0.002,0.186,-0.225,0.286,2.495,0.969,1507,1453,1764,1450,98.186,3.855,46.341,1,81,0,0.049,0.098,-0.167,-0.020,0.098,-0.026,-0.028
58.925441000,6.788959000,7.028931,43,2915.451904,2516,0.0013,0.189,2.522,0.997,0.171,0.019,-0.005,-0.441,0.124,-0.351,0.060,0.149,-0.203,0.286,2.495,0.969,1508,1451,1764,1450,98.282,3.829,46.306,1,81,0,0.048,0.098,-0.171,-0.024,0.096,-0.026,-0.028
58.938401000,6.801919000,7.040161,43,98.367104,2517,0.0017,0.191,2.522,0.997,0.164,0.018,-0.005,-0.441,0.126,-0.352,0.047,0.154,-0.179,0.286,2.495,0.969,1508,1454,1764,1449,98.376,3.802,46.271,1,81,0,0.047,0.098,-0.164,-0.019,0.095,-0.026,-0.028
58.949177000,6.812695000,7.050171,43,77.202194,2518,0.0008,0.193,2.522,0.997,0.166,0.019,-0.008,-0.441,0.128,-0.352,0.041,0.180,-0.144,0.286,2.495,0.969,1508,1453,1765,1449,98.469,3.776,46.236,1,81,0,0.046,0.098,-0.166,-0.021,0.093,-0.027,-0.028
58.955952000,6.819470000,7.060059,43,92.859131,2519,-0.0031,0.194,2.522,0.997,0.168,0.018,-0.008,-0.438,0.128,-0.354,0.101,0.142,-0.153,0.286,2.495,0.969,1508,1452,1766,1449,98.561,3.749,46.202,1,81,0,0.046,0.099,-0.168,-0.023,0.091,-0.027,-0.028
58.964330000,6.827848000,7.069946,43,147.775970,2520,-0.0015,0.196,2.522,0.997,0.167,0.016,-0.007,-0.438,0.130,-0.356,0.082,0.153,-0.175,0.286,2.495,0.969,1507,1452,1765,1449,98.650,3.722,46.168,1,81,0,0.045,0.099,-0.167,-0.023,0.090,-0.027,-0.028
58.974697000,6.838215000,7.079956,43,119.431503,2521,0.0003,0.198,2.522,0.997,0.165,0.015,-0.007,-0.438,0.133,-0.359,0.044,0.171,-0.204,0.286,2.495,0.969,1507,1453,1765,1448,98.738,3.695,46.133,1,81,0,0.044,0.099,-0.165,-0.022,0.088,-0.027,-0.027
58.991274000,6.854792000,7.090088,43,96.543732,2522,0.0064,0.199,2.523,0.996,0.168,0.015,-0.008,-0.434,0.133,-0.361,0.125,0.141,-0.191,0.286,2.495,0.969,1507,1451,1766,1448,98.824,3.668,46.099,1,81,0,0.043,0.099,-0.168,-0.026,0.086,-0.027,-0.027
59.000909000,6.864427000,7.099487,43,60.353672,2523,0.0002,0.201,2.523,0.996,0.172,0.012,-0.006,-0.434,0.134,-0.363,0.120,0.140,-0.208,0.286,2.495,0.969,1506,1449,1765,1448,98.909,3.641,46.065,1,81,0,0.042,0.099,-0.172,-0.031,0.084,-0.027,-0.027
59.011594000,6.875112000,7.110107,43,103.863731,2524,0.0001,0.203,2.523,0.996,0.168,0.008,-0.006,-0.435,0.137,-0.365,0.050,0.165,-0.204,0.286,2.495,0.969,1506,1451,1765,1448,98.992,3.614,46.031,1,81,0,0.041,0.099,-0.168,-0.028,0.083,-0.027,-0.027
59.015626000,6.879144000,7.120117,43,93.641724,2525,-0.0060,0.204,2.523,0.996,0.169,0.006,-0.007,-0.433,0.137,-0.366,0.099,0.135,-0.175,0.286,2.495,0.969,1505,1450,1765,1447,99.073,3.587,45.997,1,81,0,0.041,0.099,-0.169,-0.029,0.081,-0.027,-0.027
59.024974000,6.888492000,7.130005,43,248.385498,2526,-0.0005,0.206,2.523,0.996,0.171,0.005,-0.007,-0.432,0.138,-0.367,0.090,0.105,-0.159,0.286,2.495,0.969,1505,1449,1765,1447,99.152,3.559,45.963,1,81,0,0.040,0.099,-0.171,-0.032,0.079,-0.027,-0.027
59.036004000,6.899522000,7.140015,43,107.066383,2527,0.0010,0.208,2.522,0.996,0.171,0.001,-0.004,-0.436,0.140,-0.370,-0.025,0.134,-0.194,0.286,2.495,0.969,1504,1448,1764,1447,99.230,3.532,45.929,1,81,0,0.039,0.099,-0.171,-0.033,0.078,-0.027,-0.027
59.047459000,6.910977000,7.148926,43,90.727638,2528,0.0025,0.210,2.522,0.996,0.176,-0.002,-0.003,-0.438,0.140,-0.373,-0.084,0.119,-0.215,0.286,2.495,0.969,1504,1446,1763,1446,99.306,3.505,45.895,1,81,0,0.038,0.099,-0.176,-0.038,0.076,-0.027,-0.027
59.054345000,6.917863000,7.160034,43,87.351501,2529,-0.0042,0.211,2.522,0.996,0.169,-0.004,-0.005,-0.440,0.141,-0.376,-0.103,0.106,-0.233,0.286,2.495,0.969,1504,1449,1764,1446,99.380,3.479,45.861,1,81,0,0.037,0.099,-0.169,-0.033,0.074,-0.027,-0.027
59.065069000,6.928587000,7.169922,43,145.391098,2530,0.0008,0.213,2.522,0.996,0.169,-0.007,-0.004,-0.442,0.142,-0.379,-0.132,0.094,-0.244,0.286,2.495,0.969,1503,1449,1764,1446,99.453,3.452,45.827,1,81,0,0.036,0.099,-0.169,-0.033,0.073,-0.027,-0.027
59.076683000,6.940201000,7.180054,43,93.318405,2531,0.0015,0.215,2.522,0.996,0.167,-0.010,-0.004,-0.442,0.142,-0.381,-0.107,0.072,-0.249,0.286,2.495,0.969,1502,1450,1764,1445,99.524,3.426,45.794,1,81,0,0.036,0.100,-0.167,-0.032,0.071,-0.026,-0.027
59.089983000,6.953501000,7.189575,43,86.162331,2532,0.0038,0.216,2.522,0.996,0.170,-0.014,-0.005,-0.445,0.142,-0.383,-0.135,0.047,-0.237,0.286,2.495,0.969,1502,1448,1764,1445,99.593,3.399,45.760,1,81,0,0.035,0.100,-0.170,-0.036,0.069,-0.026,-0.027
59.100281000,6.963799000,7.199585,43,75.221901,2533,0.0003,0.218,2.521,0.996,0.166,-0.016,-0.007,-0.446,0.142,-0.385,-0.134,0.059,-0.221,0.286,2.495,0.969,1501,1450,1765,1445,99.661,3.373,45.727,1,81,0,0.034,0.100,-0.166,-0.032,0.068,-0.026,-0.027
59.104501000,6.968019000,7.209839,43,97.162842,2534,-0.0060,0.219,2.521,0.996,0.163,-0.017,-0.009,-0.445,0.143,-0.386,-0.093,0.059,-0.204,0.286,2.495,0.969,1501,1451,1766,1445,99.727,3.347,45.693,1,81,0,0.033,0.100,-0.163,-0.030,0.066,-0.026,-0.027
59.115345000,6.978863000,7.219971,43,237.247925,2535,0.0007,0.221,2.521,0.995,0.158,-0.018,-0.012,-0.446,0.146,-0.388,-0.071,0.108,-0.188,0.286,2.495,0.969,1501,1453,1767,1444,99.792,3.322,45.660,1,81,0,0.032,0.100,-0.158,-0.026,0.065,-0.026,-0.026
59.124046000,6.987564000,7.228516,43,92.284973,2536,0.0001,0.223,2.521,0.995,0.167,-0.018,-0.012,-0.447,0.148,-0.389,-0.085,0.147,-0.180,0.286,2.495,0.969,1501,1449,1768,1444,99.855,3.296,45.628,1,81,0,0.032,0.100,-0.167,-0.035,0.063,-0.025,-0.026
59.134403000,6.997921000,7.239868,43,115.035088,2537,-0.0010,0.224,2.521,0.995,0.157,-0.016,-0.012,-0.447,0.149,-0.392,-0.077,0.135,-0.186,0.286,2.495,0.969,1501,1454,1768,1444,99.917,3.271,45.595,1,81,0,0.031,0.100,-0.157,-0.026,0.062,-0.025,-0.026
59.146018000,7.009536000,7.250000,43,96.618355,2538,0.0015,0.225,2.520,0.995,0.155,-0.019,-0.012,-0.446,0.149,-0.394,-0.036,0.109,-0.194,0.286,2.495,0.969,1500,1455,1768,1444,99.977,3.246,45.562,1,81,0,0.030,0.100,-0.155,-0.024,0.060,-0.025,-0.026
59.154387000,7.017905000,7.259888,43,86.147484,2539,-0.0015,0.227,2.520,0.995,0.153,-0.019,-0.015,-0.444,0.150,-0.394,0.040,0.103,-0.163,0.286,2.495,0.969,1500,1455,1769,1443,100.036,3.221,45.530,1,81,0,0.029,0.100,-0.153,-0.024,0.059,-0.025,-0.026
59.167474000,7.030992000,7.269897,43,119.602921,2540,0.0031,0.228,2.520,0.995,0.149,-0.021,-0.012,-0.446,0.152,-0.396,-0.018,0.116,-0.152,0.286,2.495,0.969,1500,1457,1768,1443,100.093,3.197,45.498,1,81,0,0.029,0.100,-0.149,-0.020,0.057,-0.025,-0.026
59.175196000,7.038714000,7.280029,43,76.452599,2541,-0.0024,0.230,2.520,0.995,0.146,-0.023,-0.011,-0.446,0.152,-0.396,-0.033,0.102,-0.133,0.286,2.495,0.969,1499,1458,1768,1443,100.149,3.172,45.466,1,81,0,0.028,0.100,-0.146,-0.018,0.056,-0.024,-0.026
59.191774000,7.055292000,7.289673,43,129.617630,2542,0.0069,0.231,2.520,0.995,0.144,-0.023,-0.013,-0.447,0.154,-0.397,-0.042,0.112,-0.119,0.286,2.495,0.969,1499,1459,1769,1443,100.203,3.148,45.434,1,81,0,0.027,0.100,-0.144,-0.016,0.055,-0.024,-0.026
59.196373000,7.059891000,7.300049,43,60.353672,2543,-0.0058,0.232,2.519,0.994,0.140,-0.022,-0.014,-0.446,0.155,-0.398,-0.006,0.105,-0.120,0.286,2.495,0.969,1500,1461,1769,1443,100.257,3.124,45.402,1,81,0,0.027,0.100,-0.140,-0.013,0.053,-0.024,-0.025
59.205254000,7.068772000,7.309570,43,217.770035,2544,-0.0006,0.234,2.519,0.994,0.138,-0.021,-0.015,-0.447,0.156,-0.400,-0.030,0.123,-0.137,0.286,2.495,0.969,1500,1462,1770,1443,100.309,3.101,45.371,1,81,0,0.026,0.100,-0.138,-0.011,0.052,-0.024,-0.025
59.215868000,7.079386000,7.319824,43,112.701454,2545,0.0004,0.235,2.519,0.994,0.137,-0.022,-0.012,-0.449,0.155,-0.402,-0.063,0.061,-0.152,0.286,2.495,0.969,1499,1463,1769,1442,100.359,3.077,45.339,1,81,0,0.025,0.100,-0.137,-0.011,0.051,-0.023,-0.025
59.226631000,7.090149000,7.330200,43,94.295143,2546,0.0004,0.236,2.519,0.994,0.135,-0.022,-0.011,-0.450,0.157,-0.403,-0.081,0.095,-0.143,0.286,2.495,0.969,1499,1463,1769,1442,100.409,3.054,45.308,1,81,0,0.025,0.100,-0.135,-0.009,0.049,-0.023,-0.025
59.237550000,7.101068000,7.340088,43,92.954079,2547,0.0010,0.237,2.518,0.994,0.131,-0.021,-0.011,-0.449,0.159,-0.405,-0.043,0.122,-0.148,0.286,2.495,0.969,1500,1465,1769,1442,100.457,3.031,45.277,1,81,0,0.024,0.100,-0.131,-0.007,0.048,-0.023,-0.025
59.248604000,7.112122000,7.349976,43,91.633835,2548,0.0012,0.239,2.518,0.994,0.128,-0.020,-0.009,-0.451,0.160,-0.406,-0.075,0.123,-0.133,0.286,2.495,0.969,1500,1466,1768,1442,100.504,3.008,45.246,1,81,0,0.023,0.101,-0.128,-0.004,0.047,-0.023,-0.025
59.256068000,7.119586000,7.360229,43,90.522316,2549,-0.0028,0.240,2.518,0.994,0.124,-0.019,-0.007,-0.452,0.160,-0.406,-0.091,0.088,-0.107,0.286,2.495,0.969,1500,1468,1767,1442,100.549,2.985,45.215,1,81,0,0.023,0.101,-0.124,-0.001,0.046,-0.023,-0.025
59.265016000,7.128534000,7.369995,43,134.084198,2550,-0.0008,0.241,2.518,0.994,0.120,-0.019,-0.007,-0.454,0.161,-0.407,-0.099,0.090,-0.098,0.286,2.495,0.969,1500,1470,1767,1442,100.594,2.963,45.183,1,81,0,0.022,0.101,-0.120,0.003,0.045,-0.022,-0.025
59.275373000,7.138891000,7.379517,43,111.856827,2551,0.0008,0.242,2.518,0.994,0.119,-0.020,-0.004,-0.455,0.161,-0.408,-0.097,0.067,-0.091,0.286,2.495,0.969,1500,1471,1766,1442,100.638,2.941,45.152,1,81,0,0.022,0.101,-0.119,0.004,0.044,-0.022,-0.025
59.293656000,7.157174000,7.389771,43,96.627693,2552,0.0080,0.243,2.518,0.994,0.111,-0.019,-0.004,-0.455,0.163,-0.408,-0.090,0.098,-0.068,0.286,2.495,0.969,1500,1474,1767,1442,100.681,2.919,45.121,1,81,0,0.021,0.101,-0.111,0.011,0.043,-0.022,-0.025
59.302259000,7.165777000,7.399536,43,54.716568,2553,-0.0012,0.244,2.517,0.994,0.108,-0.019,-0.002,-0.455,0.164,-0.408,-0.063,0.087,-0.055,0.286,2.495,0.969,1500,1476,1766,1442,100.722,2.897,45.090,1,81,0,0.021,0.101,-0.108,0.014,0.042,-0.022,-0.025
59.306509000,7.170027000,7.409912,43,116.333176,2554,-0.0061,0.245,2.517,0.994,0.104,-0.018,0.000,-0.455,0.164,-0.408,-0.042,0.075,-0.042,0.286,2.495,0.969,1500,1478,1765,1442,100.763,2.875,45.059,1,81,0,0.020,0.101,-0.104,0.017,0.041,-0.022,-0.025
59.316651000,7.180169000,7.420044,43,235.571259,2555,0.0000,0.246,2.517,0.994,0.102,-0.019,0.000,-0.452,0.163,-0.408,0.036,0.037,-0.032,0.286,2.495,0.969,1500,1479,1765,1442,100.803,2.853,45.028,1,81,0,0.020,0.101,-0.102,0.019,0.040,-0.022,-0.025
59.327168000,7.190686000,7.430054,43,98.677719,2556,0.0005,0.247,2.517,0.994,0.098,-0.020,0.001,-0.449,0.163,-0.408,0.107,0.029,-0.038,0.286,2.495,0.969,1500,1481,1763,1442,100.842,2.832,44.997,1,81,0,0.020,0.101,-0.098,0.023,0.039,-0.021,-0.025
59.337406000,7.200924000,7.440063,43,95.156532,2557,0.0002,0.247,2.517,0.994,0.095,-0.020,0.001,-0.446,0.162,-0.409,0.160,0.002,-0.038,0.286,2.495,0.969,1499,1482,1764,1442,100.880,2.811,44.965,1,81,0,0.019,0.101,-0.095,0.025,0.038,-0.021,-0.025
59.344825000,7.208343000,7.449951,43,97.751709,2558,-0.0025,0.248,2.516,0.994,0.091,-0.020,-0.000,-0.448,0.163,-0.408,0.068,0.020,-0.018,0.286,2.495,0.969,1499,1484,1764,1442,100.918,2.790,44.934,1,81,0,0.019,0.101,-0.091,0.028,0.037,-0.021,-0.025
59.356034000,7.219552000,7.459961,43,134.952774,2559,0.0012,0.249,2.516,0.994,0.089,-0.020,0.001,-0.448,0.164,-0.408,0.055,0.030,-0.012,0.286,2.495,0.969,1499,1485,1764,1442,100.954,2.769,44.903,1,81,0,0.018,0.101,-0.089,0.030,0.037,-0.021,-0.025
59.366836000,7.230354000,7.469971,43,89.261803,2560,0.0008,0.250,2.516,0.994,0.088,-0.020,0.002,-0.449,0.164,-0.408,0.017,0.027,-0.006,0.286,2.495,0.969,1499,1485,1763,1442,100.990,2.749,44.872,1,81,0,0.018,0.101,-0.088,0.031,0.036,-0.021,-0.025
59.376090000,7.239608000,7.479614,43,92.635483,2561,-0.0004,0.251,2.516,0.994,0.087,-0.019,0.003,-0.452,0.164,-0.409,-0.071,0.028,-0.016,0.286,2.495,0.969,1500,1485,1763,1442,101.025,2.728,44.840,1,81,0,0.017,0.101,-0.087,0.031,0.035,-0.020,-0.025
59.396066000,7.259584000,7.489990,43,108.131485,2562,0.0096,0.252,2.516,0.994,0.083,-0.019,0.003,-0.454,0.164,-0.408,-0.099,0.019,-0.007,0.286,2.495,0.969,1499,1487,1763,1442,101.059,2.708,44.809,1,81,0,0.017,0.101,-0.083,0.035,0.034,-0.020,-0.025
59.400958000,7.264476000,7.499512,43,50.075111,2563,-0.0046,0.252,2.515,0.994,0.081,-0.020,0.003,-0.455,0.165,-0.408,-0.120,0.033,0.005,0.286,2.495,0.969,1499,1488,1763,1442,101.092,2.688,44.777,1,81,0,0.017,0.101,-0.081,0.036,0.033,-0.020,-0.025
59.405773000,7.269291000,7.510010,43,204.750198,2564,-0.0057,0.253,2.515,0.994,0.078,-0.019,0.003,-0.457,0.165,-0.408,-0.116,0.026,0.015,0.286,2.495,0.969,1499,1490,1763,1442,101.125,2.668,44.746,1,81,0,0.016,0.101,-0.078,0.040,0.033,-0.020,-0.025
59.419539000,7.283057000,7.519165,43,207.900208,2565,0.0046,0.254,2.515,0.994,0.077,-0.019,0.003,-0.457,0.165,-0.408,-0.098,0.030,0.010,0.286,2.495,0.969,1499,1490,1763,1442,101.157,2.649,44.714,1,81,0,0.016,0.101,-0.077,0.040,0.032,-0.020,-0.025
59.448253000,7.311771000,7.529785,43,72.690269,2566,0.0181,0.254,2.515,0.994,0.073,-0.018,0.002,-0.459,0.166,-0.408,-0.111,0.034,0.006,0.286,2.495,0.969,1500,1492,1763,1442,101.188,2.629,44.683,1,81,0,0.016,0.101,-0.073,0.044,0.031,-0.019,-0.025
59.455412000,7.318930000,7.538940,43,34.834709,2567,-0.0020,0.255,2.515,0.994,0.073,-0.017,0.004,-0.461,0.167,-0.408,-0.143,0.052,-0.007,0.286,2.495,0.969,1500,1492,1762,1442,101.219,2.610,44.651,1,81,0,0.015,0.101,-0.073,0.043,0.031,-0.019,-0.025
59.455694000,7.319212000,7.549438,43,139.801483,2568,-0.0102,0.256,2.515,0.994,0.070,-0.017,0.004,-0.461,0.168,-0.409,-0.111,0.059,-0.018,0.286,2.495,0.969,1500,1493,1762,1442,101.249,2.591,44.619,1,81,0,0.015,0.101,-0.070,0.046,0.030,-0.019,-0.025
59.455895000,7.319413000,7.560303,43,3610.108398,2569,-0.0107,0.256,2.514,0.994,0.068,-0.017,0.005,-0.460,0.167,-0.409,-0.065,0.041,-0.026,0.286,2.495,0.969,1500,1495,1762,1442,101.278,2.572,44.588,1,81,0,0.015,0.101,-0.068,0.048,0.029,-0.019,-0.025
59.464437000,7.327955000,7.570068,43,5050.504883,2570,-0.0012,0.257,2.514,0.995,0.069,-0.019,0.006,-0.460,0.168,-0.409,-0.058,0.038,-0.020,0.286,2.495,0.969,1499,1494,1761,1442,101.307,2.553,44.556,1,81,0,0.014,0.101,-0.069,0.047,0.029,-0.019,-0.026
59.472169000,7.335687000,7.577515,43,117.109734,2571,0.0003,0.258,2.514,0.995,0.073,-0.019,0.003,-0.459,0.169,-0.409,0.008,0.056,-0.002,0.286,2.495,0.969,1499,1492,1762,1442,101.335,2.534,44.524,1,81,0,0.014,0.101,-0.073,0.043,0.028,-0.019,-0.025
59.486852000,7.350370000,7.589844,43,129.483368,2572,0.0023,0.258,2.514,0.995,0.065,-0.018,0.004,-0.457,0.170,-0.409,0.048,0.068,0.000,0.286,2.495,0.969,1499,1496,1762,1442,101.363,2.516,44.492,1,81,0,0.014,0.101,-0.065,0.050,0.028,-0.018,-0.026
59.509535000,7.373053000,7.589844,0,68.143097,0,0,0.258,2.514,0.995,0.065,-0.018,0.004,-0.457,0.170,-0.409,0.048,0.068,0.000,0.000,0.000,0.000,1499,1496,1762,1442,0.000,0.000,0.000,0,81,2,0.014,0.101,-0.065,0.050,0.028,-0.018,-0.026
59.520396000,7.383914000,7.598755,43,68.143097,2573,0.0246,0.259,2.514,0.995,0.066,-0.019,0.004,-0.457,0.171,-0.409,0.032,0.078,-0.000,0.286,2.495,0.969,1499,1495,1762,1442,101.389,2.498,44.460,1,81,0,0.013,0.101,-0.066,0.049,0.027,-0.018,-0.026
59.520813000,7.384331000,7.609985,43,29.818703,2574,-0.0108,0.259,2.514,0.995,0.062,-0.018,0.004,-0.457,0.170,-0.409,0.026,0.045,-0.015,0.286,2.495,0.969,1499,1497,1762,1442,101.416,2.479,44.428,1,81,0,0.013,0.101,-0.062,0.052,0.026,-0.018,-0.026
59.523143000,7.386661000,7.619629,43,2433.090088,2575,-0.0073,0.260,2.513,0.995,0.064,-0.018,0.006,-0.457,0.170,-0.410,0.023,0.036,-0.030,0.286,2.495,0.969,1499,1496,1761,1441,101.442,2.462,44.396,1,81,0,0.013,0.101,-0.064,0.051,0.026,-0.018,-0.026
59.523989000,7.387507000,7.629517,43,429.737854,2576,-0.0090,0.261,2.513,0.995,0.064,-0.017,0.006,-0.456,0.171,-0.410,0.035,0.039,-0.028,0.286,2.495,0.969,1499,1496,1761,1441,101.467,2.444,44.364,1,81,0,0.013,0.101,-0.064,0.050,0.025,-0.018,-0.026
59.534506000,7.398024000,7.639893,43,1189.060669,2577,0.0001,0.261,2.513,0.995,0.065,-0.018,0.008,-0.457,0.171,-0.410,0.008,0.044,-0.021,0.286,2.495,0.969,1499,1496,1760,1441,101.491,2.426,44.331,1,81,0,0.012,0.101,-0.065,0.049,0.024,-0.018,-0.026
59.545806000,7.409324000,7.648438,43,95.138428,2578,0.0027,0.262,2.513,0.995,0.069,-0.018,0.009,-0.458,0.174,-0.410,-0.033,0.104,0.003,0.286,2.495,0.969,1499,1493,1759,1442,101.515,2.409,44.299,1,81,0,0.012,0.102,-0.069,0.044,0.024,-0.017,-0.026
59.553615000,7.417133000,7.657959,43,88.558273,2579,-0.0017,0.263,2.513,0.995,0.071,-0.018,0.009,-0.460,0.174,-0.410,-0.067,0.086,0.003,0.286,2.495,0.969,1499,1492,1759,1442,101.538,2.392,44.266,1,81,0,0.011,0.102,-0.071,0.042,0.023,-0.017,-0.026
59.564538000,7.428056000,7.670044,43,128.139420,2580,-0.0012,0.263,2.513,0.995,0.067,-0.017,0.009,-0.460,0.174,-0.410,-0.055,0.053,-0.009,0.286,2.495,0.969,1499,1494,1759,1441,101.560,2.375,44.233,1,81,0,0.011,0.102,-0.067,0.046,0.022,-0.017,-0.026
59.576677000,7.440195000,7.678955,43,91.617043,2581,0.0032,0.264,2.512,0.995,0.068,-0.017,0.009,-0.459,0.173,-0.411,-0.023,0.025,-0.023,0.286,2.495,0.969,1499,1494,1759,1441,101.581,2.358,44.200,1,81,0,0.011,0.102,-0.068,0.045,0.022,-0.017,-0.026
59.587200000,7.450718000,7.690063,43,82.440231,2582,-0.0006,0.265,2.512,0.996,0.067,-0.017,0.010,-0.460,0.172,-0.411,-0.035,0.006,-0.030,0.286,2.495,0.969,1499,1494,1758,1441,101.602,2.341,44.167,1,81,0,0.010,0.102,-0.067,0.045,0.021,-0.017,-0.026
59.611835000,7.475353000,7.699951,43,95.084152,2583,0.0147,0.265,2.512,0.996,0.068,-0.017,0.011,-0.463,0.174,-0.412,-0.091,0.035,-0.033,0.286,2.495,0.969,1499,1493,1758,1441,101.623,2.324,44.134,1,81,0,0.010,0.102,-0.068,0.043,0.020,-0.017,-0.027
59.620264000,7.483782000,7.709961,43,40.605839,2584,-0.0016,0.266,2.512,0.996,0.070,-0.016,0.011,-0.462,0.174,-0.412,-0.038,0.041,-0.037,0.286,2.495,0.969,1499,1492,1758,1441,101.642,2.308,44.100,1,81,0,0.010,0.102,-0.070,0.042,0.019,-0.016,-0.027
59.620615000,7.484133000,7.720215,43,118.750740,2585,-0.0099,0.267,2.512,0.996,0.070,-0.016,0.008,-0.462,0.176,-0.413,-0.029,0.067,-0.050,0.286,2.495,0.969,1499,1492,1759,1441,101.661,2.292,44.067,1,81,0,0.009,0.102,-0.070,0.041,0.019,-0.016,-0.027
59.628024000,7.491542000,7.730225,43,2890.173340,2586,-0.0026,0.268,2.511,0.996,0.073,-0.017,0.005,-0.461,0.176,-0.414,-0.013,0.059,-0.065,0.286,2.495,0.969,1499,1491,1760,1441,101.679,2.276,44.034,1,81,0,0.009,0.102,-0.073,0.038,0.018,-0.016,-0.027
59.648442000,7.511960000,7.730225,0,135.025650,0,0,0.268,2.511,0.996,0.073,-0.017,0.005,-0.461,0.176,-0.414,-0.013,0.059,-0.065,0.000,0.000,0.000,1499,1491,1760,1441,0.000,0.000,0.000,0,81,2,0.009,0.102,-0.073,0.038,0.018,-0.016,-0.027
59.662809000,7.526327000,7.739990,43,135.025650,2587,0.0250,0.268,2.511,0.996,0.076,-0.017,0.003,-0.460,0.176,-0.415,0.009,0.047,-0.070,0.286,2.495,0.969,1499,1489,1761,1441,101.696,2.260,44.000,1,81,0,0.009,0.102,-0.076,0.035,0.017,-0.016,-0.027
59.663161000,7.526679000,7.750000,43,28.753809,2588,-0.0097,0.269,2.511,0.996,0.076,-0.019,0.005,-0.461,0.176,-0.416,-0.010,0.021,-0.080,0.286,2.495,0.969,1499,1489,1759,1441,101.712,2.244,43.967,1,81,0,0.008,0.102,-0.076,0.034,0.016,-0.016,-0.027
59.663371000,7.526889000,7.760254,43,2898.550781,2589,-0.0100,0.270,2.511,0.996,0.075,-0.021,0.005,-0.462,0.176,-0.416,-0.026,0.028,-0.056,0.286,2.495,0.969,1498,1489,1759,1441,101.728,2.229,43.933,1,81,0,0.008,0.102,-0.075,0.035,0.016,-0.015,-0.027
59.676352000,7.539870000,7.768066,43,4830.917969,2590,0.0052,0.271,2.511,0.996,0.081,-0.023,0.005,-0.464,0.176,-0.416,-0.099,0.021,-0.049,0.286,2.495,0.969,1498,1486,1759,1441,101.743,2.214,43.900,1,81,0,0.007,0.102,-0.081,0.029,0.015,-0.015,-0.027
59.679025000,7.542543000,7.779663,43,77.053474,2591,-0.0089,0.271,2.510,0.996,0.075,-0.021,0.003,-0.466,0.176,-0.416,-0.105,0.020,-0.027,0.286,2.495,0.969,1498,1489,1760,1441,101.757,2.199,43.866,1,81,0,0.007,0.102,-0.075,0.034,0.014,-0.015,-0.027
59.689577000,7.553095000,7.790405,43,374.812592,2592,-0.0002,0.272,2.510,0.996,0.073,-0.019,0.003,-0.468,0.176,-0.417,-0.121,0.015,-0.041,0.286,2.495,0.969,1498,1490,1760,1441,101.770,2.184,43.833,1,81,0,0.007,0.102,-0.073,0.035,0.013,-0.015,-0.027
59.711480000,7.574998000,7.800293,43,94.831673,2593,0.0120,0.273,2.510,0.996,0.073,-0.018,0.004,-0.471,0.176,-0.417,-0.179,0.008,-0.038,0.286,2.495,0.969,1499,1490,1759,1440,101.783,2.169,43.799,1,81,0,0.006,0.102,-0.073,0.035,0.013,-0.015,-0.027
59.720790000,7.584308000,7.810059,43,45.670441,2594,-0.0005,0.274,2.510,0.996,0.073,-0.017,0.004,-0.474,0.176,-0.417,-0.199,-0.009,-0.042,0.286,2.495,0.969,1499,1490,1759,1440,101.795,2.155,43.766,1,81,0,0.006,0.102,-0.073,0.035,0.012,-0.014,-0.027
59.721142000,7.584660000,7.819946,43,107.492210,2595,-0.0095,0.274,2.510,0.996,0.071,-0.016,0.002,-0.476,0.175,-0.418,-0.198,-0.023,-0.057,0.286,2.495,0.969,1499,1491,1760,1440,101.806,2.141,43.732,1,81,0,0.006,0.102,-0.071,0.036,0.011,-0.014,-0.027
59.728497000,7.592015000,7.829834,43,2890.173340,2596,-0.0025,0.275,2.510,0.996,0.070,-0.015,0.001,-0.477,0.175,-0.419,-0.176,-0.019,-0.060,0.286,2.495,0.969,1499,1491,1760,1440,101.817,2.126,43.698,1,81,0,0.005,0.102,-0.070,0.037,0.011,-0.014,-0.027
59.734575000,7.598093000,7.839966,43,136.035919,2597,-0.0041,0.275,2.510,0.996,0.067,-0.013,-0.000,-0.478,0.176,-0.420,-0.174,0.011,-0.063,0.286,2.495,0.969,1500,1493,1761,1440,101.827,2.112,43.665,1,81,0,0.005,0.102,-0.067,0.040,0.010,-0.014,-0.027
59.748242000,7.611760000,7.849609,43,164.771790,2598,0.0040,0.276,2.510,0.996,0.063,-0.010,-0.003,-0.479,0.177,-0.420,-0.145,0.027,-0.055,0.286,2.495,0.969,1500,1494,1762,1440,101.837,2.098,43.631,1,81,0,0.005,0.102,-0.063,0.043,0.010,-0.014,-0.027
59.755302000,7.618820000,7.859863,43,73.211800,2599,-0.0032,0.276,2.510,0.996,0.059,-0.008,-0.004,-0.478,0.177,-0.421,-0.090,0.035,-0.050,0.286,2.495,0.969,1500,1496,1762,1440,101.846,2.084,43.598,1,81,0,0.005,0.102,-0.059,0.047,0.009,-0.014,-0.027
59.763404000,7.626922000,7.868286,43,141.783646,2600,-0.0003,0.277,2.510,0.996,0.058,-0.006,-0.005,-0.478,0.178,-0.421,-0.058,0.043,-0.037,0.286,2.495,0.969,1501,1497,1763,1440,101.855,2.070,43.565,1,81,0,0.004,0.102,-0.058,0.048,0.009,-0.014,-0.027
59.774953000,7.638471000,7.880005,43,123.563576,2601,-0.0002,0.277,2.510,0.996,0.053,-0.004,-0.005,-0.478,0.178,-0.420,-0.053,0.046,-0.022,0.286,2.495,0.969,1501,1500,1763,1440,101.863,2.055,43.532,1,81,0,0.004,0.102,-0.053,0.053,0.008,-0.014,-0.027
59.786041000,7.649559000,7.890137,43,86.655113,2602,0.0009,0.278,2.510,0.995,0.048,-0.003,-0.006,-0.479,0.179,-0.420,-0.060,0.037,-0.010,0.286,2.495,0.969,1501,1502,1763,1440,101.871,2.041,43.499,1,81,0,0.004,0.102,-0.048,0.057,0.008,-0.014,-0.026
59.808442000,7.671960000,7.890137,0,90.260857,0,0,0.278,2.510,0.995,0.048,-0.003,-0.006,-0.479,0.179,-0.420,-0.060,0.037,-0.010,0.000,0.000,0.000,1501,1502,1763,1440,0.000,0.000,0.000,0,81,2,0.004,0.102,-0.048,0.057,0.008,-0.014,-0.026
59.816678000,7.680196000,7.900146,43,90.260857,2603,0.0206,0.278,2.510,0.995,0.044,-0.001,-0.007,-0.479,0.178,-0.419,-0.055,0.026,0.015,0.286,2.495,0.969,1502,1504,1764,1440,101.878,2.027,43.466,1,81,0,0.004,0.102,-0.044,0.061,0.008,-0.014,-0.026
59.816961000,7.680479000,7.909546,43,32.646664,2604,-0.0091,0.278,2.510,0.995,0.041,0.001,-0.008,-0.479,0.178,-0.418,-0.028,0.016,0.048,0.286,2.495,0.969,1502,1505,1764,1440,101.885,2.013,43.433,1,81,0,0.004,0.102,-0.041,0.064,0.007,-0.014,-0.026
59.818888000,7.682406000,7.920044,43,3610.108398,2605,-0.0086,0.279,2.510,0.995,0.038,0.002,-0.008,-0.478,0.178,-0.417,0.001,0.008,0.058,0.286,2.495,0.969,1502,1507,1764,1441,101.892,1.998,43.400,1,81,0,0.003,0.102,-0.038,0.068,0.007,-0.014,-0.026
59.831103000,7.694621000,7.930054,43,519.750549,2606,0.0022,0.279,2.510,0.995,0.033,0.003,-0.009,-0.477,0.177,-0.416,0.033,-0.022,0.064,0.286,2.495,0.969,1502,1509,1765,1441,101.899,1.984,43.368,1,81,0,0.003,0.102,-0.033,0.073,0.007,-0.014,-0.026
59.837988000,7.701506000,7.940308,43,81.906792,2607,-0.0034,0.279,2.510,0.995,0.028,0.003,-0.009,-0.475,0.176,-0.415,0.065,-0.045,0.070,0.286,2.495,0.969,1503,1512,1765,1441,101.906,1.969,43.335,1,81,0,0.003,0.102,-0.028,0.077,0.007,-0.014,-0.026
59.845506000,7.709024000,7.949951,43,145.412247,2608,-0.0021,0.279,2.510,0.995,0.026,0.005,-0.012,-0.472,0.175,-0.414,0.132,-0.058,0.069,0.286,2.495,0.969,1503,1513,1766,1441,101.912,1.955,43.303,1,81,0,0.003,0.102,-0.026,0.080,0.006,-0.015,-0.026
59.856756000,7.720274000,7.959961,43,133.102615,2609,0.0012,0.279,2.510,0.995,0.024,0.006,-0.013,-0.469,0.175,-0.414,0.160,-0.042,0.064,0.286,2.495,0.969,1503,1514,1767,1441,101.919,1.940,43.271,1,81,0,0.003,0.102,-0.024,0.081,0.006,-0.015,-0.026
59.868305000,7.731823000,7.969971,43,88.960060,2610,0.0015,0.280,2.510,0.995,0.024,0.008,-0.013,-0.467,0.175,-0.414,0.178,-0.029,0.055,0.286,2.495,0.969,1504,1514,1767,1441,101.925,1.926,43.239,1,81,0,0.003,0.102,-0.024,0.081,0.006,-0.015,-0.025
59.885676000,7.749194000,7.979980,43,86.647606,2611,0.0074,0.280,2.510,0.994,0.023,0.010,-0.016,-0.464,0.176,-0.413,0.202,0.006,0.056,0.286,2.495,0.969,1504,1514,1768,1441,101.930,1.911,43.208,1,81,0,0.003,0.102,-0.023,0.081,0.006,-0.015,-0.025
59.893076000,7.756594000,7.989990,43,57.583786,2612,-0.0026,0.280,2.511,0.994,0.023,0.012,-0.020,-0.461,0.177,-0.413,0.248,0.012,0.053,0.286,2.495,0.969,1504,1514,1770,1441,101.936,1.895,43.177,1,81,0,0.003,0.102,-0.023,0.082,0.006,-0.015,-0.025
59.917759000,7.781277000,8.000000,43,135.226501,2613,0.0147,0.280,2.511,0.994,0.024,0.014,-0.023,-0.457,0.177,-0.412,0.264,0.021,0.050,0.286,2.495,0.969,1505,1514,1771,1441,101.941,1.880,43.146,1,81,0,0.003,0.102,-0.024,0.081,0.005,-0.015,-0.025
59.926840000,7.790358000,8.010010,43,40.523563,2614,-0.0009,0.281,2.511,0.993,0.026,0.014,-0.026,-0.454,0.178,-0.412,0.285,0.034,0.031,0.286,2.495,0.969,1505,1513,1773,1441,101.946,1.865,43.116,1,81,0,0.003,0.102,-0.026,0.079,0.005,-0.015,-0.024
59.927189000,7.790707000,8.020020,43,110.204979,2615,-0.0097,0.281,2.511,0.993,0.027,0.015,-0.028,-0.450,0.180,-0.413,0.307,0.076,0.009,0.286,2.495,0.969,1505,1512,1774,1441,101.951,1.849,43.086,1,81,0,0.002,0.102,-0.027,0.077,0.005,-0.016,-0.024
59.927400000,7.790918000,8.030151,43,2906.976807,2616,-0.0099,0.281,2.511,0.993,0.028,0.015,-0.031,-0.448,0.182,-0.414,0.273,0.108,-0.018,0.286,2.495,0.969,1505,1512,1775,1441,101.955,1.833,43.057,1,81,0,0.002,0.102,-0.028,0.076,0.004,-0.016,-0.023
59.935268000,7.798786000,8.040039,43,4807.692383,2617,-0.0020,0.282,2.511,0.992,0.030,0.015,-0.033,-0.445,0.183,-0.415,0.282,0.106,-0.044,0.286,2.495,0.969,1505,1511,1777,1441,101.960,1.817,43.028,1,81,0,0.002,0.102,-0.030,0.074,0.004,-0.016,-0.023
59.945880000,7.809398000,8.049194,43,127.145584,2618,0.0014,0.282,2.511,0.992,0.032,0.014,-0.036,-0.441,0.184,-0.416,0.338,0.098,-0.060,0.286,2.495,0.969,1505,1510,1777,1441,101.963,1.801,43.000,1,81,0,0.002,0.102,-0.032,0.072,0.004,-0.016,-0.023
59.957129000,7.820647000,8.060059,43,94.295143,2619,0.0004,0.282,2.512,0.991,0.033,0.013,-0.036,-0.436,0.185,-0.417,0.364,0.103,-0.068,0.286,2.495,0.969,1505,1509,1778,1440,101.967,1.785,42.972,1,81,0,0.002,0.102,-0.033,0.071,0.003,-0.016,-0.022
59.965883000,7.829401000,8.069946,43,88.960060,2620,-0.0011,0.283,2.512,0.991,0.035,0.012,-0.037,-0.435,0.187,-0.418,0.306,0.132,-0.079,0.286,2.495,0.969,1505,1508,1778,1440,101.969,1.769,42.944,1,81,0,0.001,0.102,-0.035,0.069,0.003,-0.016,-0.022
59.974357000,7.837875000,8.080078,43,114.311844,2621,-0.0017,0.283,2.512,0.991,0.037,0.011,-0.038,-0.433,0.188,-0.419,0.271,0.132,-0.075,0.286,2.495,0.969,1504,1507,1779,1440,101.972,1.753,42.918,1,81,0,0.001,0.102,-0.037,0.066,0.002,-0.016,-0.021
59.986055000,7.849573000,8.088379,43,118.119537,2622,0.0034,0.284,2.512,0.990,0.040,0.008,-0.037,-0.431,0.189,-0.420,0.272,0.108,-0.088,0.286,2.495,0.969,1504,1505,1779,1440,101.974,1.736,42.891,1,81,0,0.001,0.102,-0.040,0.063,0.002,-0.016,-0.021
59.994914000,7.858432000,8.099976,43,85.543198,2623,-0.0027,0.284,2.512,0.990,0.039,0.006,-0.034,-0.428,0.187,-0.422,0.258,0.053,-0.103,0.286,2.495,0.969,1503,1506,1778,1440,101.976,1.720,42.865,1,81,0,0.001,0.102,-0.039,0.064,0.002,-0.016,-0.021
60.018183000,7.881701000,8.109985,43,112.956062,2624,0.0133,0.284,2.512,0.990,0.039,0.003,-0.032,-0.427,0.187,-0.424,0.225,0.025,-0.133,0.286,2.495,0.969,1503,1506,1778,1439,101.977,1.704,42.839,1,81,0,0.001,0.102,-0.039,0.063,0.001,-0.016,-0.021
60.025545000,7.889063000,8.119995,43,42.988564,2625,-0.0027,0.285,2.512,0.989,0.040,0.001,-0.029,-0.425,0.187,-0.427,0.208,0.024,-0.173,0.286,2.495,0.969,1502,1505,1778,1439,101.978,1.688,42.814,1,81,0,0.000,0.102,-0.040,0.063,0.001,-0.016,-0.020
60.025845000,7.889363000,8.129761,43,135.980423,2626,-0.0095,0.285,2.512,0.989,0.040,-0.002,-0.027,-0.423,0.187,-0.430,0.227,0.010,-0.204,0.286,2.495,0.969,1502,1505,1777,1438,101.978,1.672,42.788,1,81,0,0.000,0.102,-0.040,0.062,0.000,-0.016,-0.020
60.036647000,7.900165000,8.140015,43,3424.657471,2627,0.0005,0.286,2.511,0.989,0.040,-0.003,-0.025,-0.418,0.185,-0.432,0.291,-0.034,-0.197,0.286,2.495,0.969,1502,1505,1777,1438,101.978,1.656,42.763,1,81,0,0.000,0.102,-0.040,0.062,0.000,-0.016,-0.020
60.046469000,7.909987000,8.149902,43,92.601166,2628,-0.0001,0.286,2.511,0.989,0.040,-0.005,-0.023,-0.413,0.184,-0.433,0.326,-0.049,-0.193,0.286,2.495,0.969,1501,1505,1776,1438,101.978,1.640,42.739,1,81,0,-0.000,0.102,-0.040,0.061,-0.000,-0.016,-0.020
60.054437000,7.917955000,8.159790,43,101.884872,2629,-0.0019,0.286,2.511,0.989,0.039,-0.007,-0.021,-0.410,0.184,-0.434,0.328,-0.047,-0.169,0.286,2.495,0.969,1501,1505,1775,1438,101.977,1.624,42.714,1,81,0,-0.000,0.102,-0.039,0.062,-0.001,-0.016,-0.020
60.064574000,7.928092000,8.169922,43,125.596581,2630,-0.0000,0.287,2.511,0.989,0.036,-0.009,-0.016,-0.409,0.183,-0.434,0.264,-0.045,-0.116,0.286,2.495,0.969,1501,1507,1774,1438,101.976,1.608,42.689,1,81,0,-0.001,0.102,-0.036,0.065,-0.001,-0.016,-0.020
60.076155000,7.939673000,8.180054,43,98.726433,2631,0.0014,0.287,2.511,0.989,0.035,-0.008,-0.013,-0.406,0.182,-0.435,0.285,-0.056,-0.100,0.286,2.495,0.969,1501,1507,1773,1438,101.975,1.593,42.665,1,81,0,-0.001,0.102,-0.035,0.066,-0.001,-0.016,-0.020
60.083714000,7.947232000,8.188721,43,86.408020,2632,-0.0011,0.287,2.511,0.989,0.034,-0.010,-0.008,-0.404,0.181,-0.435,0.269,-0.068,-0.080,0.286,2.495,0.969,1500,1508,1771,1438,101.973,1.577,42.640,1,81,0,-0.001,0.102,-0.034,0.068,-0.002,-0.015,-0.020
60.094499000,7.958017000,8.198853,43,132.432785,2633,0.0006,0.287,2.511,0.989,0.031,-0.011,-0.005,-0.400,0.180,-0.436,0.289,-0.087,-0.092,0.286,2.495,0.969,1500,1509,1770,1438,101.971,1.562,42.615,1,81,0,-0.001,0.102,-0.031,0.070,-0.002,-0.015,-0.020
60.122130000,7.985648000,8.210083,43,92.790199,2634,0.0164,0.288,2.511,0.989,0.029,-0.011,-0.003,-0.395,0.178,-0.438,0.327,-0.102,-0.121,0.286,2.495,0.969,1500,1510,1769,1437,101.969,1.547,42.591,1,81,0,-0.001,0.102,-0.029,0.071,-0.002,-0.015,-0.020
60.128568000,7.992086000,8.219849,43,36.199097,2635,-0.0033,0.288,2.510,0.989,0.029,-0.012,0.000,-0.391,0.177,-0.440,0.364,-0.114,-0.141,0.286,2.495,0.969,1500,1510,1768,1437,101.967,1.532,42.566,1,81,0,-0.001,0.102,-0.029,0.072,-0.002,-0.015,-0.020
60.128921000,7.992439000,8.229980,43,155.545181,2636,-0.0098,0.288,2.510,0.989,0.027,-0.013,0.003,-0.387,0.175,-0.442,0.366,-0.128,-0.149,0.286,2.495,0.969,1500,1511,1767,1437,101.964,1.517,42.541,1,81,0,-0.001,0.102,-0.027,0.074,-0.003,-0.015,-0.020
60.136444000,7.999962000,8.239990,43,2881.844482,2637,-0.0025,0.288,2.510,0.989,0.026,-0.015,0.006,-0.383,0.173,-0.444,0.366,-0.137,-0.158,0.286,2.495,0.969,1499,1512,1766,1436,101.962,1.502,42.516,1,81,0,-0.001,0.102,-0.026,0.075,-0.003,-0.015,-0.020
60.146330000,8.009848000,8.250000,43,132.978729,2638,-0.0001,0.289,2.510,0.989,0.024,-0.017,0.008,-0.379,0.171,-0.446,0.374,-0.154,-0.175,0.286,2.495,0.969,1499,1512,1765,1436,101.959,1.488,42.490,1,81,0,-0.001,0.102,-0.024,0.076,-0.003,-0.014,-0.020
60.159595000,8.023113000,8.259888,43,101.245316,2639,0.0034,0.289,2.510,0.989,0.023,-0.018,0.009,-0.376,0.169,-0.448,0.359,-0.167,-0.181,0.286,2.495,0.969,1499,1513,1764,1436,101.955,1.474,42.465,1,81,0,-0.002,0.102,-0.023,0.077,-0.003,-0.014,-0.020
60.166618000,8.030136000,8.270020,43,75.431847,2640,-0.0031,0.289,2.509,0.990,0.022,-0.019,0.011,-0.374,0.167,-0.450,0.327,-0.179,-0.193,0.286,2.495,0.969,1498,1514,1763,1436,101.952,1.460,42.439,1,81,0,-0.002,0.102,-0.022,0.079,-0.003,-0.014,-0.021
60.177147000,8.040665000,8.280029,43,142.490738,2641,0.0005,0.289,2.509,0.990,0.021,-0.021,0.013,-0.371,0.165,-0.453,0.322,-0.181,-0.212,0.286,2.495,0.969,1498,1514,1762,1435,101.948,1.446,42.413,1,81,0,-0.002,0.102,-0.021,0.079,-0.004,-0.014,-0.021
60.184382000,8.047900000,8.289917,43,95.047997,2642,-0.0027,0.289,2.509,0.990,0.020,-0.022,0.014,-0.369,0.163,-0.455,0.300,-0.194,-0.211,0.286,2.495,0.969,1498,1514,1762,1435,101.945,1.433,42.387,1,81,0,-0.002,0.102,-0.020,0.080,-0.004,-0.013,-0.021
60.200054000,8.063572000,8.300049,43,138.369995,2643,0.0055,0.290,2.509,0.990,0.020,-0.022,0.015,-0.366,0.160,-0.457,0.282,-0.207,-0.199,0.286,2.495,0.969,1498,1515,1761,1435,101.941,1.419,42.360,1,81,0,-0.002,0.102,-0.020,0.080,-0.004,-0.013,-0.021
60.222891000,8.086409000,8.309204,43,63.828430,2644,0.0137,0.290,2.509,0.990,0.019,-0.019,0.019,-0.364,0.157,-0.457,0.283,-0.248,-0.156,0.286,2.495,0.969,1498,1515,1760,1435,101.937,1.406,42.334,1,81,0,-0.002,0.102,-0.019,0.081,-0.004,-0.013,-0.021
60.228089000,8.091607000,8.319946,43,43.802013,2645,-0.0056,0.290,2.508,0.991,0.019,-0.017,0.017,-0.360,0.155,-0.456,0.297,-0.232,-0.101,0.286,2.495,0.969,1499,1515,1760,1435,101.932,1.393,42.307,1,81,0,-0.002,0.102,-0.019,0.081,-0.004,-0.013,-0.022
60.228451000,8.091969000,8.329956,43,192.678223,2646,-0.0097,0.290,2.508,0.991,0.026,-0.018,0.014,-0.358,0.156,-0.459,0.267,-0.142,-0.151,0.286,2.495,0.969,1498,1511,1761,1434,101.928,1.380,42.280,1,81,0,-0.002,0.102,-0.026,0.074,-0.005,-0.013,-0.022
60.238525000,8.102043000,8.339722,43,2801.120361,2647,0.0003,0.291,2.508,0.991,0.030,-0.010,0.009,-0.356,0.159,-0.460,0.244,-0.033,-0.124,0.286,2.495,0.969,1500,1509,1763,1434,101.923,1.367,42.253,1,81,0,-0.003,0.102,-0.030,0.069,-0.005,-0.013,-0.022
60.249055000,8.112573000,8.349854,43,99.295006,2648,0.0004,0.291,2.508,0.991,0.023,-0.013,0.019,-0.355,0.153,-0.456,0.226,-0.178,0.011,0.286,2.495,0.969,1499,1513,1759,1435,101.917,1.355,42.225,1,81,0,-0.003,0.102,-0.023,0.077,-0.005,-0.013,-0.022
60.260118000,8.123636000,8.359985,43,95.038963,2649,0.0009,0.291,2.508,0.991,0.023,-0.013,0.021,-0.355,0.150,-0.456,0.166,-0.218,-0.011,0.286,2.495,0.969,1499,1513,1758,1435,101.912,1.342,42.197,1,81,0,-0.003,0.102,-0.023,0.076,-0.005,-0.013,-0.022
60.269704000,8.133222000,8.370117,43,90.432266,2650,-0.0006,0.292,2.508,0.991,0.035,-0.019,0.012,-0.355,0.152,-0.464,0.124,-0.113,-0.193,0.286,2.495,0.969,1498,1507,1761,1434,101.906,1.330,42.170,1,81,0,-0.003,0.102,-0.035,0.064,-0.006,-0.012,-0.022
60.277312000,8.140830000,8.379883,43,104.395027,2651,-0.0022,0.292,2.508,0.991,0.039,-0.008,0.002,-0.354,0.156,-0.465,0.108,0.033,-0.166,0.286,2.495,0.969,1500,1505,1765,1434,101.899,1.317,42.143,1,81,0,-0.003,0.102,-0.039,0.060,-0.007,-0.012,-0.022
60.284434000,8.147952000,8.390015,43,131.544327,2652,-0.0030,0.293,2.508,0.991,0.044,-0.007,-0.000,-0.355,0.158,-0.468,0.054,0.069,-0.207,0.286,2.495,0.969,1500,1502,1766,1433,101.892,1.305,42.115,1,81,0,-0.004,0.102,-0.044,0.055,-0.007,-0.012,-0.022
60.296340000,8.159858000,8.400024,43,140.567902,2653,0.0019,0.293,2.508,0.991,0.048,-0.006,-0.002,-0.357,0.160,-0.471,-0.008,0.106,-0.220,0.286,2.495,0.969,1501,1500,1766,1433,101.884,1.292,42.088,1,81,0,-0.004,0.102,-0.048,0.050,-0.008,-0.012,-0.022
60.317600000,8.181118000,8.410034,43,84.047737,2654,0.0112,0.293,2.508,0.991,0.033,-0.010,0.007,-0.359,0.155,-0.463,-0.039,-0.046,0.028,0.286,2.495,0.969,1500,1508,1763,1434,101.876,1.280,42.061,1,81,0,-0.004,0.102,-0.033,0.065,-0.008,-0.012,-0.022
60.338210000,8.201728000,8.420044,43,47.052181,2655,0.0106,0.294,2.508,0.991,0.035,-0.008,0.001,-0.362,0.157,-0.462,-0.107,0.019,0.034,0.286,2.495,0.969,1500,1506,1765,1434,101.868,1.268,42.033,1,81,0,-0.004,0.102,-0.035,0.063,-0.008,-0.012,-0.022
60.348659000,8.212177000,8.429932,43,48.538979,2656,0.0006,0.294,2.508,0.991,0.036,-0.005,-0.003,-0.366,0.160,-0.461,-0.182,0.075,0.060,0.286,2.495,0.969,1501,1506,1767,1434,101.860,1.256,42.006,1,81,0,-0.004,0.102,-0.036,0.062,-0.008,-0.012,-0.022
60.349005000,8.212523000,8.440063,43,95.748756,2657,-0.0098,0.295,2.508,0.991,0.037,-0.002,-0.007,-0.371,0.162,-0.459,-0.258,0.121,0.089,0.286,2.495,0.969,1501,1505,1767,1435,101.851,1.244,41.979,1,81,0,-0.004,0.102,-0.037,0.060,-0.009,-0.012,-0.022
60.349215000,8.212733000,8.449829,43,2932.551270,2658,-0.0096,0.295,2.508,0.990,0.038,0.002,-0.010,-0.374,0.164,-0.457,-0.287,0.144,0.134,0.286,2.495,0.969,1502,1505,1769,1435,101.842,1.231,41.952,1,81,0,-0.005,0.102,-0.038,0.059,-0.009,-0.012,-0.021
60.356606000,8.220124000,8.459351,43,4854.369141,2659,-0.0021,0.295,2.508,0.990,0.039,0.004,-0.014,-0.379,0.166,-0.454,-0.324,0.159,0.161,0.286,2.495,0.969,1503,1504,1770,1435,101.832,1.219,41.926,1,81,0,-0.005,0.102,-0.039,0.058,-0.010,-0.013,-0.021
60.368983000,8.232501000,8.469971,43,135.354630,2660,0.0017,0.296,2.508,0.990,0.037,0.007,-0.015,-0.383,0.169,-0.453,-0.348,0.190,0.150,0.286,2.495,0.969,1503,1505,1771,1436,101.822,1.206,41.900,1,81,0,-0.005,0.102,-0.037,0.059,-0.010,-0.013,-0.021
60.380986000,8.244504000,8.479858,43,80.847282,2661,0.0021,0.296,2.508,0.990,0.037,0.008,-0.019,-0.385,0.172,-0.452,-0.310,0.204,0.144,0.286,2.495,0.969,1503,1505,1773,1436,101.811,1.193,41.874,1,81,0,-0.005,0.102,-0.037,0.059,-0.010,-0.013,-0.021
60.385338000,8.248856000,8.489868,43,83.375023,2662,-0.0057,0.296,2.508,0.989,0.039,0.011,-0.021,-0.385,0.175,-0.450,-0.237,0.226,0.150,0.286,2.495,0.969,1504,1504,1774,1436,101.801,1.180,41.849,1,81,0,-0.005,0.102,-0.039,0.058,-0.011,-0.013,-0.020
60.395480000,8.258998000,8.497803,43,230.096634,2663,0.0022,0.297,2.509,0.989,0.043,0.015,-0.028,-0.385,0.179,-0.448,-0.171,0.293,0.188,0.286,2.495,0.969,1505,1502,1776,1436,101.789,1.167,41.824,1,81,0,-0.006,0.102,-0.043,0.053,-0.011,-0.013,-0.020
60.404416000,8.267934000,8.510132,43,98.677719,2664,-0.0034,0.297,2.509,0.989,0.042,0.015,-0.029,-0.381,0.182,-0.445,-0.055,0.279,0.205,0.286,2.495,0.969,1505,1502,1778,1437,101.778,1.153,41.799,1,81,0,-0.006,0.102,-0.042,0.054,-0.012,-0.013,-0.020
60.421270000,8.284788000,8.519653,43,112.007172,2665,0.0073,0.298,2.509,0.988,0.045,0.016,-0.032,-0.381,0.184,-0.441,-0.025,0.276,0.242,0.286,2.495,0.969,1505,1501,1779,1437,101.765,1.140,41.775,1,81,0,-0.006,0.102,-0.045,0.051,-0.012,-0.014,-0.019
60.433610000,8.297128000,8.530029,43,59.361271,2666,0.0020,0.298,2.509,0.988,0.045,0.014,-0.033,-0.380,0.187,-0.438,-0.009,0.274,0.263,0.286,2.495,0.969,1505,1501,1780,1438,101.752,1.126,41.752,1,81,0,-0.006,0.102,-0.045,0.050,-0.013,-0.014,-0.019
60.438284000,8.301802000,8.540161,43,81.089844,2667,-0.0055,0.299,2.509,0.987,0.047,0.013,-0.034,-0.381,0.190,-0.436,-0.028,0.277,0.250,0.286,2.495,0.969,1504,1500,1780,1438,101.739,1.112,41.729,1,81,0,-0.007,0.102,-0.047,0.048,-0.013,-0.014,-0.018
60.445355000,8.308873000,8.550171,43,214.178619,2668,-0.0029,0.299,2.509,0.987,0.045,0.014,-0.036,-0.382,0.192,-0.433,-0.036,0.266,0.256,0.286,2.495,0.969,1505,1501,1782,1439,101.725,1.098,41.706,1,81,0,-0.007,0.102,-0.045,0.050,-0.014,-0.014,-0.018
60.454415000,8.317933000,8.559814,43,141.562851,2669,-0.0006,0.300,2.510,0.987,0.039,0.015,-0.034,-0.384,0.195,-0.432,-0.090,0.261,0.217,0.286,2.495,0.969,1505,1504,1782,1439,101.712,1.084,41.684,1,81,0,-0.007,0.102,-0.039,0.056,-0.014,-0.014,-0.018
60.466004000,8.329522000,8.569824,43,110.472824,2670,0.0016,0.300,2.510,0.986,0.035,0.015,-0.035,-0.385,0.197,-0.432,-0.080,0.257,0.161,0.286,2.495,0.969,1505,1506,1782,1439,101.697,1.070,41.663,1,81,0,-0.007,0.102,-0.035,0.059,-0.014,-0.014,-0.017
60.474429000,8.337947000,8.579956,43,86.333420,2671,-0.0017,0.300,2.510,0.986,0.030,0.014,-0.033,-0.387,0.199,-0.433,-0.113,0.249,0.097,0.286,2.495,0.969,1505,1508,1782,1438,101.683,1.056,41.641,1,81,0,-0.007,0.102,-0.030,0.065,-0.014,-0.014,-0.017
60.484406000,8.347924000,8.590088,43,118.807175,2672,-0.0002,0.300,2.510,0.986,0.028,0.010,-0.034,-0.383,0.200,-0.433,0.015,0.199,0.077,0.286,2.495,0.969,1504,1509,1782,1438,101.669,1.041,41.620,1,81,0,-0.007,0.102,-0.028,0.067,-0.014,-0.014,-0.017
60.494727000,8.358245000,8.600098,43,100.321030,2673,0.0003,0.300,2.510,0.985,0.027,0.005,-0.034,-0.380,0.202,-0.433,0.081,0.201,0.053,0.286,2.495,0.969,1503,1510,1783,1438,101.654,1.027,41.600,1,81,0,-0.007,0.102,-0.027,0.068,-0.015,-0.014,-0.016
60.507965000,8.371483000,8.609985,43,96.964996,2674,0.0033,0.301,2.510,0.985,0.024,0.002,-0.033,-0.377,0.203,-0.432,0.126,0.184,0.053,0.286,2.495,0.969,1502,1511,1783,1438,101.639,1.013,41.580,1,81,0,-0.007,0.102,-0.024,0.070,-0.015,-0.014,-0.016
60.521979000,8.385497000,8.620117,43,75.574364,2675,0.0039,0.301,2.510,0.985,0.023,-0.001,-0.032,-0.374,0.204,-0.433,0.190,0.167,0.039,0.286,2.495,0.969,1502,1511,1783,1438,101.624,0.999,41.560,1,81,0,-0.008,0.102,-0.023,0.071,-0.015,-0.014,-0.016
60.526583000,8.390101000,8.629028,43,71.392876,2676,-0.0043,0.301,2.509,0.984,0.023,-0.003,-0.034,-0.369,0.205,-0.433,0.267,0.144,0.014,0.286,2.495,0.969,1501,1511,1784,1438,101.609,0.985,41.541,1,81,0,-0.008,0.102,-0.023,0.071,-0.015,-0.014,-0.015
60.534483000,8.398001000,8.639893,43,217.485870,2677,-0.0030,0.301,2.509,0.984,0.022,-0.005,-0.032,-0.366,0.206,-0.434,0.281,0.135,-0.022,0.286,2.495,0.969,1501,1512,1784,1438,101.593,0.971,41.522,1,81,0,-0.008,0.102,-0.022,0.071,-0.016,-0.014,-0.015
60.546497000,8.410015000,8.650024,43,126.694542,2678,0.0019,0.301,2.509,0.984,0.017,-0.004,-0.025,-0.365,0.208,-0.437,0.216,0.138,-0.068,0.286,2.495,0.969,1501,1514,1781,1438,101.578,0.957,41.503,1,81,0,-0.008,0.102,-0.017,0.077,-0.016,-0.014,-0.015
60.558510000,8.422028000,8.660156,43,83.284752,2679,0.0019,0.301,2.509,0.984,0.018,-0.003,-0.023,-0.362,0.208,-0.438,0.245,0.113,-0.090,0.286,2.495,0.969,1501,1514,1781,1437,101.562,0.943,41.484,1,81,0,-0.008,0.102,-0.018,0.076,-0.016,-0.014,-0.015
60.570410000,8.433928000,8.667969,43,83.284752,2680,0.0041,0.302,2.509,0.984,0.024,-0.006,-0.025,-0.359,0.207,-0.439,0.293,0.060,-0.090,0.286,2.495,0.969,1501,1511,1782,1437,101.546,0.930,41.466,1,81,0,-0.008,0.102,-0.024,0.070,-0.016,-0.014,-0.015
60.574711000,8.438229000,8.679810,43,84.076004,2681,-0.0075,0.302,2.509,0.984,0.023,-0.009,-0.024,-0.356,0.206,-0.438,0.282,0.011,-0.050,0.286,2.495,0.969,1500,1511,1782,1437,101.529,0.916,41.448,1,81,0,-0.008,0.102,-0.023,0.070,-0.016,-0.014,-0.014
60.585666000,8.449184000,8.690063,43,232.828873,2682,0.0007,0.302,2.509,0.983,0.021,-0.009,-0.021,-0.354,0.205,-0.437,0.251,-0.012,-0.019,0.286,2.495,0.969,1500,1512,1781,1438,101.513,0.902,41.430,1,81,0,-0.008,0.102,-0.021,0.072,-0.016,-0.013,-0.014
60.598753000,8.462271000,8.699951,43,91.332542,2683,0.0032,0.302,2.509,0.983,0.021,-0.010,-0.018,-0.354,0.205,-0.438,0.197,0.001,-0.028,0.286,2.495,0.969,1500,1512,1780,1438,101.496,0.889,41.412,1,81,0,-0.008,0.101,-0.021,0.072,-0.017,-0.013,-0.014
60.607992000,8.471510000,8.709717,43,76.458443,2684,-0.0005,0.302,2.509,0.983,0.020,-0.010,-0.015,-0.354,0.205,-0.438,0.146,0.001,-0.032,0.286,2.495,0.969,1500,1513,1779,1437,101.479,0.876,41.395,1,81,0,-0.008,0.101,-0.020,0.073,-0.017,-0.013,-0.014
60.624752000,8.488270000,8.719727,43,108.342361,2685,0.0067,0.303,2.509,0.983,0.018,-0.011,-0.012,-0.354,0.205,-0.439,0.114,0.006,-0.034,0.286,2.495,0.969,1500,1514,1778,1437,101.462,0.863,41.377,1,81,0,-0.008,0.101,-0.018,0.075,-0.017,-0.013,-0.014
60.625110000,8.488628000,8.729858,43,59.687241,2686,-0.0098,0.303,2.508,0.983,0.018,-0.013,-0.011,-0.354,0.205,-0.439,0.083,-0.008,-0.043,0.286,2.495,0.969,1499,1514,1778,1437,101.445,0.850,41.359,1,81,0,-0.009,0.101,-0.018,0.075,-0.017,-0.013,-0.014
60.638156000,8.501674000,8.739990,43,2865.329590,2687,0.0029,0.303,2.508,0.983,0.015,-0.017,-0.009,-0.352,0.205,-0.442,0.108,-0.012,-0.106,0.286,2.495,0.969,1499,1515,1777,1437,101.428,0.837,41.342,1,81,0,-0.009,0.101,-0.015,0.077,-0.017,-0.013,-0.014
60.652636000,8.516154000,8.750122,43,76.669479,2688,0.0043,0.303,2.508,0.983,0.016,-0.015,-0.008,-0.351,0.203,-0.441,0.106,-0.053,-0.054,0.286,2.495,0.969,1499,1515,1777,1437,101.411,0.825,41.324,1,81,0,-0.009,0.101,-0.016,0.076,-0.017,-0.013,-0.014
60.657639000,8.521157000,8.760132,43,69.094177,2689,-0.0050,0.303,2.508,0.983,0.016,-0.015,-0.007,-0.348,0.202,-0.442,0.140,-0.060,-0.051,0.286,2.495,0.969,1499,1515,1776,1437,101.393,0.812,41.307,1,81,0,-0.009,0.101,-0.016,0.077,-0.018,-0.012,-0.014
60.665190000,8.528708000,8.770142,43,200.120071,2690,-0.0025,0.303,2.508,0.983,0.015,-0.017,-0.005,-0.346,0.202,-0.444,0.162,-0.057,-0.087,0.286,2.495,0.969,1499,1515,1776,1437,101.375,0.800,41.289,1,81,0,-0.009,0.101,-0.015,0.077,-0.018,-0.012,-0.014
60.676062000,8.539580000,8.780273,43,132.538101,2691,0.0007,0.303,2.507,0.983,0.014,-0.017,-0.004,-0.343,0.200,-0.446,0.199,-0.073,-0.122,0.286,2.495,0.969,1498,1515,1775,1436,101.358,0.788,41.272,1,81,0,-0.009,0.101,-0.014,0.078,-0.018,-0.012,-0.014
60.687790000,8.551308000,8.790405,43,92.047127,2692,0.0016,0.304,2.507,0.983,0.014,-0.020,-0.002,-0.341,0.200,-0.449,0.190,-0.056,-0.164,0.286,2.495,0.969,1498,1516,1775,1436,101.340,0.777,41.255,1,81,0,-0.009,0.101,-0.014,0.079,-0.018,-0.012,-0.014
60.694366000,8.557884000,8.799438,43,85.316956,2693,-0.0025,0.304,2.507,0.983,0.014,-0.023,-0.001,-0.340,0.200,-0.452,0.178,-0.061,-0.194,0.286,2.495,0.969,1497,1515,1774,1435,101.321,0.765,41.237,1,81,0,-0.009,0.101,-0.014,0.078,-0.018,-0.011,-0.014
60.705026000,8.568544000,8.810181,43,152.230179,2694,-0.0001,0.304,2.507,0.983,0.013,-0.023,-0.001,-0.339,0.199,-0.453,0.166,-0.063,-0.171,0.286,2.495,0.969,1497,1516,1774,1435,101.303,0.754,41.220,1,81,0,-0.009,0.101,-0.013,0.079,-0.018,-0.011,-0.014
60.728490000,8.592008000,8.820068,43,93.852654,2695,0.0136,0.304,2.506,0.983,0.014,-0.024,0.001,-0.338,0.198,-0.453,0.132,-0.067,-0.151,0.286,2.495,0.969,1497,1516,1774,1435,101.285,0.743,41.202,1,81,0,-0.009,0.101,-0.014,0.078,-0.018,-0.011,-0.014
60.736862000,8.600380000,8.829102,43,42.631199,2696,-0.0007,0.304,2.506,0.983,0.015,-0.024,0.000,-0.338,0.198,-0.454,0.117,-0.058,-0.128,0.286,2.495,0.969,1497,1515,1774,1435,101.266,0.733,41.184,1,81,0,-0.009,0.101,-0.015,0.077,-0.019,-0.011,-0.014
60.737146000,8.600664000,8.839844,43,119.560020,2697,-0.0105,0.304,2.506,0.983,0.016,-0.022,-0.000,-0.336,0.197,-0.455,0.117,-0.060,-0.117,0.286,2.495,0.969,1497,1515,1774,1435,101.248,0.722,41.167,1,81,0,-0.009,0.101,-0.016,0.076,-0.019,-0.010,-0.014
60.744617000,8.608135000,8.848022,43,3597.122314,2698,-0.0007,0.305,2.506,0.983,0.019,-0.022,-0.002,-0.336,0.196,-0.456,0.103,-0.078,-0.115,0.286,2.495,0.969,1497,1513,1774,1435,101.229,0.712,41.150,1,81,0,-0.009,0.101,-0.019,0.073,-0.019,-0.010,-0.014
60.754132000,8.617650000,8.859009,43,133.904663,2699,-0.0015,0.305,2.505,0.983,0.024,-0.025,-0.003,-0.336,0.198,-0.462,0.084,-0.024,-0.232,0.286,2.495,0.969,1497,1511,1775,1434,101.209,0.702,41.132,1,81,0,-0.010,0.101,-0.024,0.068,-0.019,-0.010,-0.014
60.768564000,8.632082000,8.869995,43,105.174591,2700,0.0034,0.305,2.505,0.983,0.025,-0.016,-0.007,-0.337,0.202,-0.467,0.034,0.080,-0.276,0.286,2.495,0.969,1498,1510,1777,1433,101.190,0.692,41.115,1,81,0,-0.010,0.101,-0.025,0.066,-0.020,-0.010,-0.014
60.781031000,8.644549000,8.880005,43,69.328896,2701,0.0025,0.306,2.505,0.983,0.029,-0.014,-0.007,-0.337,0.203,-0.471,0.017,0.092,-0.319,0.286,2.495,0.969,1499,1508,1777,1432,101.170,0.682,41.098,1,81,0,-0.010,0.101,-0.029,0.062,-0.020,-0.010,-0.014
60.786842000,8.650360000,8.890015,43,80.243942,2702,-0.0042,0.306,2.505,0.983,0.018,-0.018,0.003,-0.336,0.198,-0.468,0.047,-0.051,-0.163,0.286,2.495,0.969,1498,1513,1773,1433,101.150,0.672,41.081,1,81,0,-0.010,0.101,-0.018,0.073,-0.020,-0.010,-0.014
60.797084000,8.660602000,8.899780,43,172.235611,2703,0.0005,0.306,2.505,0.983,0.018,-0.019,0.003,-0.334,0.196,-0.469,0.091,-0.087,-0.153,0.286,2.495,0.969,1498,1514,1773,1433,101.130,0.663,41.063,1,81,0,-0.010,0.101,-0.018,0.074,-0.020,-0.009,-0.014
60.807687000,8.671205000,8.910034,43,97.684868,2704,0.0003,0.306,2.505,0.983,0.019,-0.020,0.002,-0.332,0.197,-0.471,0.100,-0.062,-0.144,0.286,2.495,0.969,1497,1513,1773,1433,101.109,0.654,41.046,1,81,0,-0.010,0.101,-0.019,0.072,-0.020,-0.009,-0.014
60.815289000,8.678807000,8.919922,43,94.375237,2705,-0.0023,0.306,2.505,0.983,0.020,-0.018,0.001,-0.331,0.196,-0.471,0.112,-0.050,-0.118,0.286,2.495,0.969,1498,1512,1774,1433,101.089,0.645,41.028,1,81,0,-0.010,0.101,-0.020,0.071,-0.021,-0.009,-0.014
60.829795000,8.693313000,8.929932,43,131.630905,2706,0.0045,0.306,2.504,0.983,0.020,-0.016,0.001,-0.331,0.196,-0.472,0.085,-0.050,-0.111,0.286,2.495,0.969,1498,1512,1774,1433,101.068,0.636,41.011,1,81,0,-0.010,0.101,-0.020,0.070,-0.021,-0.009,-0.014
60.841259000,8.704777000,8.940063,43,68.970276,2707,0.0013,0.307,2.504,0.983,0.021,-0.015,-0.001,-0.330,0.196,-0.473,0.081,-0.032,-0.122,0.286,2.495,0.969,1498,1512,1773,1432,101.047,0.627,40.994,1,81,0,-0.010,0.101,-0.021,0.070,-0.021,-0.009,-0.014
60.845793000,8.709311000,8.950195,43,87.275269,2708,-0.0056,0.307,2.504,0.983,0.021,-0.013,-0.004,-0.329,0.196,-0.476,0.088,-0.016,-0.143,0.286,2.495,0.969,1499,1512,1774,1432,101.026,0.618,40.976,1,81,0,-0.011,0.101,-0.021,0.069,-0.021,-0.009,-0.014
60.856716000,8.720234000,8.960083,43,220.799286,2709,0.0010,0.307,2.504,0.983,0.021,-0.012,-0.005,-0.330,0.197,-0.479,0.047,-0.000,-0.186,0.286,2.495,0.969,1499,1512,1775,1432,101.004,0.609,40.959,1,81,0,-0.011,0.101,-0.021,0.070,-0.021,-0.009,-0.014
60.870958000,8.734476000,8.969971,43,91.617043,2710,0.0043,0.308,2.504,0.983,0.028,-0.015,-0.010,-0.331,0.200,-0.484,0.015,0.079,-0.283,0.286,2.495,0.969,1498,1508,1777,1431,100.982,0.601,40.942,1,81,0,-0.011,0.101,-0.028,0.062,-0.022,-0.008,-0.013
60.875554000,8.739072000,8.979980,43,70.259254,2711,-0.0054,0.308,2.504,0.982,0.026,-0.003,-0.016,-0.331,0.206,-0.484,-0.002,0.198,-0.208,0.286,2.495,0.969,1501,1509,1779,1431,100.960,0.592,40.926,1,81,0,-0.011,0.101,-0.026,0.064,-0.022,-0.009,-0.013
60.884479000,8.747997000,8.989990,43,217.912399,2712,-0.0011,0.308,2.504,0.982,0.028,-0.001,-0.017,-0.332,0.207,-0.488,-0.010,0.192,-0.243,0.286,2.495,0.969,1501,1508,1780,1430,100.938,0.583,40.910,1,81,0,-0.011,0.101,-0.028,0.062,-0.022,-0.009,-0.013
60.897794000,8.761312000,8.999878,43,112.145340,2713,0.0034,0.309,2.504,0.982,0.034,0.003,-0.019,-0.332,0.209,-0.494,-0.012,0.185,-0.336,0.286,2.495,0.969,1502,1505,1781,1429,100.915,0.574,40.894,1,81,0,-0.011,0.101,-0.034,0.056,-0.023,-0.009,-0.013
60.908088000,8.771606000,9.010010,43,75.137123,2714,0.0002,0.309,2.504,0.982,0.032,0.002,-0.019,-0.332,0.210,-0.495,-0.009,0.171,-0.283,0.286,2.495,0.969,1502,1506,1781,1429,100.892,0.565,40.879,1,81,0,-0.012,0.101,-0.032,0.057,-0.023,-0.009,-0.012
60.915796000,8.779314000,9.020020,43,97.219521,2715,-0.0023,0.309,2.504,0.981,0.031,0.001,-0.019,-0.331,0.211,-0.497,0.007,0.146,-0.252,0.286,2.495,0.969,1501,1506,1782,1429,100.868,0.556,40.863,1,81,0,-0.012,0.101,-0.031,0.058,-0.023,-0.009,-0.012
60.933436000,8.796954000,9.029541,43,129.836411,2716,0.0081,0.309,2.504,0.981,0.030,0.000,-0.019,-0.330,0.212,-0.499,0.042,0.132,-0.248,0.286,2.495,0.969,1501,1507,1782,1429,100.845,0.547,40.848,1,81,0,-0.012,0.101,-0.030,0.059,-0.024,-0.009,-0.012
60.938548000,8.802066000,9.038818,43,56.711845,2717,-0.0042,0.309,2.504,0.982,0.004,-0.008,0.001,-0.335,0.207,-0.488,-0.122,-0.028,0.108,0.286,2.495,0.969,1500,1520,1774,1431,100.821,0.539,40.832,1,81,0,-0.012,0.101,-0.004,0.086,-0.023,-0.009,-0.013
60.943478000,8.806996000,9.049194,43,195.886383,2718,-0.0055,0.309,2.504,0.982,0.004,-0.009,-0.001,-0.334,0.207,-0.488,-0.064,-0.021,0.070,0.286,2.495,0.969,1499,1520,1775,1431,100.798,0.530,40.817,1,81,0,-0.012,0.101,-0.004,0.086,-0.023,-0.009,-0.013
60.955675000,8.819193000,9.059204,43,203.086914,2719,0.0022,0.309,2.504,0.982,0.006,-0.008,-0.002,-0.334,0.207,-0.490,-0.034,-0.017,0.004,0.286,2.495,0.969,1500,1519,1775,1430,100.775,0.522,40.801,1,81,0,-0.012,0.101,-0.006,0.083,-0.023,-0.008,-0.013
60.970228000,8.833746000,9.069946,43,82.047913,2720,0.0038,0.309,2.504,0.982,0.006,-0.008,-0.002,-0.332,0.208,-0.491,0.018,-0.002,-0.004,0.286,2.495,0.969,1500,1519,1775,1430,100.752,0.513,40.785,1,81,0,-0.012,0.101,-0.006,0.083,-0.023,-0.008,-0.013
60.978005000,8.841523000,9.079346,43,68.756874,2721,-0.0016,0.309,2.504,0.982,0.007,-0.006,-0.003,-0.331,0.208,-0.491,0.037,0.001,-0.017,0.286,2.495,0.969,1500,1518,1776,1430,100.728,0.505,40.770,1,81,0,-0.012,0.101,-0.007,0.082,-0.023,-0.008,-0.012
60.985491000,8.849009000,9.089966,43,128.683563,2722,-0.0031,0.309,2.504,0.981,0.009,-0.008,-0.004,-0.329,0.208,-0.492,0.082,0.001,-0.029,0.286,2.495,0.969,1500,1517,1776,1430,100.705,0.497,40.754,1,81,0,-0.012,0.101,-0.009,0.080,-0.024,-0.008,-0.012
61.001786000,8.865304000,9.099976,43,133.725601,2723,0.0063,0.309,2.504,0.981,0.014,-0.009,-0.005,-0.327,0.208,-0.493,0.109,0.006,-0.046,0.286,2.495,0.969,1499,1515,1777,1430,100.681,0.488,40.739,1,81,0,-0.012,0.101,-0.014,0.075,-0.024,-0.008,-0.012
61.014124000,8.877642000,9.109985,43,61.402431,2724,0.0023,0.310,2.504,0.981,0.014,-0.007,-0.005,-0.326,0.208,-0.492,0.093,0.019,-0.025,0.286,2.495,0.969,1500,1515,1777,1430,100.657,0.480,40.724,1,81,0,-0.012,0.101,-0.014,0.075,-0.024,-0.008,-0.012
61.015619000,8.879137000,9.119873,43,81.089844,2725,-0.0084,0.309,2.504,0.982,0.000,-0.006,0.008,-0.326,0.201,-0.484,0.076,-0.184,0.204,0.286,2.495,0.969,1500,1522,1772,1431,100.634,0.472,40.708,1,81,0,-0.012,0.101,-0.000,0.089,-0.024,-0.008,-0.013
61.034028000,8.897546000,9.129883,43,671.591675,2726,0.0084,0.309,2.504,0.982,0.002,-0.004,0.005,-0.326,0.200,-0.482,0.048,-0.151,0.186,0.286,2.495,0.969,1500,1520,1773,1432,100.610,0.464,40.692,1,81,0,-0.012,0.101,-0.002,0.086,-0.024,-0.008,-0.013
61.045700000,8.909218000,9.140259,43,54.338966,2727,0.0013,0.309,2.504,0.982,0.004,-0.003,0.003,-0.327,0.199,-0.481,0.030,-0.130,0.162,0.286,2.495,0.969,1501,1520,1773,1432,100.586,0.456,40.676,1,81,0,-0.012,0.101,-0.004,0.085,-0.024,-0.008,-0.013
61.046051000,8.909569000,9.149902,43,85.726532,2728,-0.0093,0.309,2.504,0.982,0.005,-0.001,0.003,-0.326,0.199,-0.481,0.028,-0.103,0.140,0.286,2.495,0.969,1501,1519,1773,1432,100.562,0.448,40.660,1,81,0,-0.012,0.101,-0.005,0.083,-0.024,-0.008,-0.013
61.057952000,8.921470000,9.160034,43,2890.173340,2729,0.0018,0.309,2.504,0.982,0.005,-0.001,0.002,-0.326,0.199,-0.481,0.024,-0.086,0.105,0.286,2.495,0.969,1501,1519,1774,1432,100.539,0.440,40.644,1,81,0,-0.012,0.101,-0.005,0.083,-0.024,-0.008,-0.013
61.075658000,8.939176000,9.170044,43,84.047737,2730,0.0077,0.310,2.504,0.982,0.005,-0.001,0.003,-0.326,0.198,-0.481,0.028,-0.075,0.080,0.286,2.495,0.969,1501,1519,1774,1432,100.515,0.432,40.628,1,81,0,-0.012,0.101,-0.005,0.083,-0.024,-0.008,-0.013
61.076020000,8.939538000,9.179932,43,56.500366,2731,-0.0095,0.310,2.504,0.982,0.006,-0.001,0.002,-0.325,0.198,-0.481,0.039,-0.058,0.060,0.286,2.495,0.969,1501,1518,1774,1432,100.491,0.423,40.613,1,81,0,-0.012,0.100,-0.006,0.082,-0.024,-0.008,-0.013
61.086734000,8.950252000,9.190063,43,2824.858643,2732,0.0006,0.310,2.504,0.982,0.006,-0.000,0.002,-0.325,0.198,-0.480,0.031,-0.050,0.058,0.286,2.495,0.969,1501,1519,1774,1432,100.466,0.415,40.597,1,81,0,-0.012,0.100,-0.006,0.083,-0.024,-0.008,-0.013
61.100465000,8.963983000,9.200073,43,93.361961,2733,0.0037,0.310,2.504,0.982,0.004,0.001,0.002,-0.325,0.198,-0.479,0.020,-0.033,0.067,0.286,2.495,0.969,1501,1520,1774,1432,100.442,0.407,40.581,1,81,0,-0.012,0.100,-0.004,0.084,-0.024,-0.008,-0.013
61.104766000,8.968284000,9.210083,43,72.870361,2734,-0.0057,0.310,2.504,0.982,0.003,0.003,0.001,-0.326,0.198,-0.478,0.001,-0.029,0.075,0.286,2.495,0.969,1502,1520,1774,1432,100.418,0.399,40.565,1,81,0,-0.012,0.100,-0.003,0.086,-0.024,-0.008,-0.013
61.122374000,8.985892000,9.219849,43,232.828873,2735,0.0078,0.310,2.504,0.982,0.003,0.004,0.002,-0.327,0.198,-0.478,-0.023,-0.021,0.066,0.286,2.495,0.969,1502,1520,1774,1432,100.394,0.390,40.549,1,81,0,-0.012,0.100,-0.003,0.085,-0.024,-0.008,-0.013
61.138500000,9.002018000,9.229858,43,56.814953,2736,0.0061,0.310,2.504,0.982,0.001,0.006,0.001,-0.327,0.198,-0.477,-0.016,-0.022,0.074,0.286,2.495,0.969,1502,1521,1774,1432,100.370,0.382,40.533,1,81,0,-0.012,0.100,-0.001,0.087,-0.024,-0.008,-0.013
61.138932000,9.002450000,9.240234,43,62.038589,2737,-0.0100,0.310,2.504,0.982,0.001,0.005,0.002,-0.326,0.198,-0.476,0.000,-0.018,0.070,0.286,2.495,0.969,1502,1521,1774,1432,100.346,0.373,40.517,1,81,0,-0.012,0.100,-0.001,0.088,-0.024,-0.008,-0.013
61.144796000,9.008314000,9.250000,43,2358.490479,2738,-0.0039,0.310,2.504,0.982,-0.001,-0.000,0.003,-0.325,0.198,-0.478,0.043,-0.004,-0.006,0.286,2.495,0.969,1501,1522,1773,1432,100.322,0.365,40.501,1,81,0,-0.012,0.100,0.001,0.090,-0.024,-0.008,-0.013
61.162088000,9.025606000,9.259888,43,170.619354,2739,0.0074,0.310,2.504,0.982,-0.001,-0.001,0.002,-0.324,0.198,-0.478,0.054,-0.011,0.010,0.286,2.495,0.969,1501,1522,1773,1432,100.298,0.357,40.485,1,81,0,-0.012,0.100,0.001,0.090,-0.024,-0.008,-0.013
61.169946000,9.033464000,9.269897,43,57.856979,2740,-0.0022,0.310,2.504,0.982,-0.002,-0.001,0.002,-0.323,0.197,-0.477,0.059,-0.024,0.030,0.286,2.495,0.969,1501,1522,1774,1432,100.274,0.348,40.469,1,81,0,-0.012,0.100,0.002,0.090,-0.024,-0.008,-0.013
61.180187000,9.043705000,9.279663,43,127.372307,2741,0.0005,0.310,2.504,0.982,-0.002,-0.001,0.001,-0.323,0.197,-0.476,0.048,-0.018,0.047,0.286,2.495,0.969,1501,1522,1774,1432,100.251,0.340,40.453,1,81,0,-0.012,0.100,0.002,0.090,-0.024,-0.008,-0.013
61.186134000,9.049652000,9.290283,43,97.713501,2742,-0.0047,0.310,2.504,0.982,0.001,-0.006,0.001,-0.324,0.198,-0.479,0.005,-0.003,-0.035,0.286,2.495,0.969,1500,1521,1774,1432,100.227,0.332,40.436,1,81,0,-0.012,0.100,-0.001,0.087,-0.024,-0.008,-0.013
61.196740000,9.060258000,9.300171,43,168.406876,2743,0.0007,0.309,2.504,0.982,-0.006,0.003,0.003,-0.325,0.197,-0.474,-0.030,-0.013,0.091,0.286,2.495,0.969,1502,1524,1773,1433,100.203,0.324,40.420,1,81,0,-0.012,0.100,0.006,0.094,-0.024,-0.008,-0.013
61.204560000,9.068078000,9.310059,43,94.357430,2744,-0.0021,0.309,2.504,0.982,-0.003,-0.002,0.002,-0.327,0.197,-0.477,-0.053,-0.015,0.006,0.286,2.495,0.969,1501,1523,1773,1432,100.179,0.316,40.404,1,81,0,-0.012,0.100,0.003,0.091,-0.024,-0.008,-0.013
61.216658000,9.080176000,9.320190,43,127.975426,2745,0.0020,0.310,2.504,0.982,0.006,0.009,-0.009,-0.326,0.203,-0.479,-0.033,0.130,-0.042,0.286,2.495,0.969,1503,1519,1778,1432,100.155,0.307,40.388,1,81,0,-0.012,0.100,-0.006,0.082,-0.024,-0.009,-0.013
61.226733000,9.090251000,9.330078,43,82.712982,2746,0.0002,0.310,2.504,0.982,0.004,0.008,-0.007,-0.325,0.203,-0.478,0.002,0.094,-0.021,0.286,2.495,0.969,1503,1520,1777,1432,100.131,0.298,40.373,1,81,0,-0.012,0.100,-0.004,0.084,-0.024,-0.009,-0.013
61.242792000,9.106310000,9.339844,43,99.314728,2747,0.0063,0.310,2.504,0.982,0.001,0.005,-0.006,-0.325,0.202,-0.477,0.022,0.056,0.025,0.286,2.495,0.969,1502,1521,1777,1432,100.107,0.290,40.357,1,81,0,-0.012,0.100,-0.001,0.087,-0.024,-0.009,-0.013
61.257767000,9.121285000,9.350342,43,62.289772,2748,0.0045,0.310,2.504,0.982,-0.001,0.005,-0.005,-0.323,0.202,-0.475,0.043,0.033,0.068,0.286,2.495,0.969,1502,1522,1776,1432,100.083,0.281,40.341,1,81,0,-0.012,0.100,0.001,0.089,-0.024,-0.009,-0.012
61.258118000,9.121636000,9.359863,43,66.818123,2749,-0.0092,0.309,2.504,0.982,-0.004,0.007,-0.004,-0.322,0.202,-0.472,0.076,0.022,0.110,0.286,2.495,0.969,1502,1524,1776,1433,100.059,0.272,40.326,1,81,0,-0.012,0.100,0.004,0.093,-0.024,-0.009,-0.012
61.265051000,9.128569000,9.369995,43,2898.550781,2750,-0.0032,0.309,2.504,0.982,-0.007,0.005,-0.003,-0.320,0.201,-0.470,0.100,-0.009,0.147,0.286,2.495,0.969,1502,1525,1776,1433,100.035,0.263,40.310,1,81,0,-0.012,0.100,0.007,0.095,-0.024,-0.009,-0.012
61.274328000,9.137846000,9.379883,43,144.300140,2751,-0.0006,0.309,2.504,0.982,-0.011,0.005,-0.003,-0.318,0.200,-0.467,0.125,-0.025,0.174,0.286,2.495,0.969,1502,1527,1776,1434,100.012,0.255,40.295,1,81,0,-0.012,0.100,0.011,0.099,-0.023,-0.009,-0.012
61.285479000,9.148997000,9.390015,43,107.898148,2752,0.0010,0.309,2.504,0.982,-0.015,0.003,-0.002,-0.317,0.199,-0.465,0.129,-0.038,0.194,0.286,2.495,0.969,1502,1529,1775,1434,99.989,0.246,40.279,1,81,0,-0.012,0.100,0.015,0.103,-0.023,-0.009,-0.012
61.294626000,9.158144000,9.400024,43,89.742439,2753,-0.0009,0.308,2.504,0.982,-0.029,-0.002,0.008,-0.315,0.193,-0.458,0.126,-0.169,0.322,0.286,2.495,0.969,1501,1536,1771,1435,99.966,0.237,40.263,1,81,0,-0.011,0.100,0.029,0.118,-0.022,-0.009,-0.013
61.306118000,9.169636000,9.409180,43,109.421165,2754,0.0023,0.308,2.504,0.982,-0.032,-0.003,0.010,-0.314,0.191,-0.454,0.137,-0.190,0.339,0.286,2.495,0.969,1501,1537,1771,1436,99.944,0.229,40.247,1,81,0,-0.011,0.100,0.032,0.120,-0.022,-0.009,-0.013
61.314046000,9.177564000,9.419800,43,87.077675,2755,-0.0027,0.307,2.504,0.982,-0.031,-0.003,0.008,-0.312,0.190,-0.451,0.149,-0.173,0.336,0.286,2.495,0.969,1501,1537,1771,1436,99.922,0.220,40.231,1,81,0,-0.011,0.100,0.031,0.120,-0.022,-0.009,-0.013
61.325641000,9.189159000,9.430054,43,126.262627,2756,0.0013,0.307,2.504,0.982,-0.033,0.001,0.009,-0.314,0.189,-0.447,0.073,-0.142,0.340,0.286,2.495,0.969,1501,1538,1771,1437,99.901,0.211,40.214,1,81,0,-0.011,0.100,0.033,0.122,-0.021,-0.009,-0.013
61.341215000,9.204733000,9.439819,43,86.311066,2757,0.0058,0.307,2.504,0.982,-0.032,0.006,0.007,-0.314,0.188,-0.442,0.053,-0.140,0.388,0.286,2.495,0.969,1502,1538,1771,1438,99.880,0.202,40.198,1,81,0,-0.011,0.100,0.032,0.121,-0.021,-0.009,-0.013
61.356730000,9.220248000,9.449829,43,64.246704,2758,0.0055,0.306,2.504,0.982,-0.032,0.008,0.006,-0.313,0.188,-0.438,0.064,-0.104,0.380,0.286,2.495,0.969,1503,1538,1772,1438,99.859,0.193,40.181,1,81,0,-0.010,0.100,0.032,0.121,-0.021,-0.009,-0.013
61.357076000,9.220594000,9.460083,43,64.487007,2759,-0.0099,0.306,2.505,0.982,-0.029,0.009,0.005,-0.312,0.187,-0.435,0.068,-0.103,0.352,0.286,2.495,0.969,1503,1536,1772,1438,99.839,0.184,40.165,1,81,0,-0.010,0.100,0.029,0.119,-0.021,-0.009,-0.013
61.364534000,9.228052000,9.469849,43,2941.176514,2760,-0.0023,0.306,2.505,0.982,-0.026,0.010,0.003,-0.311,0.186,-0.434,0.067,-0.095,0.300,0.286,2.495,0.969,1503,1535,1773,1439,99.818,0.175,40.148,1,81,0,-0.010,0.100,0.026,0.116,-0.020,-0.009,-0.013
61.374707000,9.238225000,9.479858,43,134.156158,2761,0.0002,0.306,2.505,0.982,-0.023,0.011,0.002,-0.310,0.186,-0.433,0.075,-0.068,0.255,0.286,2.495,0.969,1503,1534,1773,1439,99.798,0.165,40.132,1,81,0,-0.010,0.100,0.023,0.113,-0.020,-0.009,-0.013
61.386675000,9.250193000,9.489990,43,98.376785,2762,0.0018,0.306,2.505,0.982,-0.021,0.012,-0.000,-0.309,0.187,-0.432,0.093,-0.044,0.217,0.286,2.495,0.969,1503,1532,1774,1439,99.778,0.156,40.116,1,81,0,-0.010,0.100,0.021,0.111,-0.020,-0.010,-0.013
61.397085000,9.260603000,9.500000,43,83.612038,2763,0.0004,0.306,2.505,0.982,-0.019,0.011,-0.001,-0.307,0.188,-0.432,0.117,-0.009,0.161,0.286,2.495,0.969,1503,1531,1774,1439,99.758,0.146,40.099,1,81,0,-0.010,0.100,0.019,0.109,-0.020,-0.010,-0.013
61.408158000,9.271676000,9.509888,43,96.116875,2764,0.0012,0.305,2.505,0.982,-0.017,0.011,-0.001,-0.307,0.187,-0.431,0.092,-0.033,0.132,0.286,2.495,0.969,1503,1530,1774,1439,99.738,0.137,40.083,1,81,0,-0.010,0.100,0.017,0.107,-0.020,-0.010,-0.013
61.414310000,9.277828000,9.520020,43,90.375053,2765,-0.0040,0.305,2.505,0.982,-0.016,0.010,-0.001,-0.306,0.187,-0.430,0.093,-0.017,0.123,0.286,2.495,0.969,1503,1530,1775,1439,99.718,0.127,40.067,1,81,0,-0.010,0.100,0.016,0.106,-0.020,-0.010,-0.013
61.427310000,9.290828000,9.530029,43,162.707458,2766,0.0030,0.305,2.505,0.982,-0.015,0.009,-0.002,-0.305,0.187,-0.430,0.081,-0.023,0.104,0.286,2.495,0.969,1503,1530,1775,1439,99.698,0.117,40.050,1,81,0,-0.010,0.100,0.015,0.105,-0.020,-0.010,-0.013
61.443271000,9.306789000,9.540161,43,76.970444,2767,0.0058,0.305,2.505,0.982,-0.011,0.007,-0.005,-0.303,0.187,-0.430,0.114,-0.001,0.085,0.286,2.495,0.969,1503,1528,1776,1439,99.679,0.107,40.034,1,81,0,-0.010,0.100,0.011,0.101,-0.020,-0.010,-0.013
61.453303000,9.316821000,9.549927,43,62.688065,2768,0.0003,0.305,2.505,0.982,-0.014,0.003,-0.002,-0.304,0.189,-0.431,0.051,0.034,0.019,0.286,2.495,0.969,1502,1529,1775,1439,99.659,0.097,40.018,1,81,0,-0.010,0.100,0.014,0.104,-0.019,-0.010,-0.013
61.457774000,9.321292000,9.560059,43,99.760574,2769,-0.0057,0.305,2.505,0.982,-0.011,0.003,-0.004,-0.304,0.188,-0.431,0.059,0.015,0.022,0.286,2.495,0.969,1502,1527,1776,1439,99.640,0.087,40.002,1,81,0,-0.010,0.100,0.011,0.101,-0.019,-0.010,-0.013
61.464855000,9.328373000,9.570068,43,223.964172,2770,-0.0029,0.305,2.505,0.982,-0.011,0.004,-0.003,-0.304,0.188,-0.431,0.045,-0.002,0.019,0.286,2.495,0.969,1502,1528,1774,1439,99.621,0.077,39.986,1,81,0,-0.010,0.100,0.011,0.101,-0.019,-0.010,-0.013
61.477306000,9.340824000,9.579346,43,141.382721,2771,0.0032,0.305,2.505,0.982,-0.011,0.003,-0.003,-0.303,0.188,-0.431,0.057,-0.003,0.012,0.286,2.495,0.969,1502,1527,1774,1439,99.602,0.067,39.970,1,81,0,-0.010,0.100,0.011,0.101,-0.019,-0.010,-0.013
61.484896000,9.348414000,9.589966,43,80.360016,2772,-0.0030,0.305,2.505,0.982,-0.011,0.003,-0.002,-0.303,0.187,-0.431,0.043,-0.010,0.003,0.286,2.495,0.969,1502,1527,1774,1439,99.583,0.057,39.954,1,81,0,-0.010,0.100,0.011,0.101,-0.019,-0.010,-0.013
61.498087000,9.361605000,9.599976,43,131.873932,2773,0.0032,0.305,2.505,0.982,-0.011,0.002,-0.001,-0.302,0.186,-0.431,0.038,-0.027,0.015,0.286,2.495,0.969,1502,1528,1774,1439,99.564,0.048,39.938,1,81,0,-0.009,0.100,0.011,0.101,-0.019,-0.010,-0.013
61.504418000,9.367936000,9.609985,43,75.843765,2774,-0.0037,0.304,2.505,0.982,-0.010,0.001,-0.000,-0.302,0.187,-0.430,0.045,-0.018,0.036,0.286,2.495,0.969,1502,1527,1773,1439,99.545,0.038,39.922,1,81,0,-0.009,0.100,0.010,0.100,-0.019,-0.010,-0.013
61.517280000,9.380798000,9.619995,43,158.152771,2775,0.0028,0.304,2.505,0.982,-0.010,0.001,0.001,-0.302,0.187,-0.428,0.039,-0.013,0.065,0.286,2.495,0.969,1502,1527,1773,1439,99.526,0.028,39.906,1,81,0,-0.009,0.100,0.010,0.101,-0.019,-0.010,-0.013
61.525770000,9.389288000,9.630005,43,77.796791,2776,-0.0015,0.304,2.505,0.982,-0.010,0.001,0.000,-0.300,0.186,-0.427,0.057,-0.028,0.088,0.286,2.495,0.969,1502,1527,1773,1439,99.507,0.018,39.890,1,81,0,-0.009,0.100,0.010,0.100,-0.019,-0.010,-0.013
61.551765000,9.415283000,9.640015,43,117.910622,2777,0.0160,0.304,2.505,0.982,-0.010,0.001,0.001,-0.300,0.186,-0.425,0.060,-0.019,0.098,0.286,2.495,0.969,1502,1527,1773,1439,99.489,0.008,39.874,1,81,0,-0.009,0.099,0.010,0.100,-0.019,-0.010,-0.013
61.560220000,9.423738000,9.649048,43,38.480778,2778,-0.0006,0.304,2.505,0.982,-0.013,0.003,0.004,-0.300,0.186,-0.425,0.046,-0.010,0.093,0.286,2.495,0.969,1502,1529,1772,1440,99.470,-0.002,39.858,1,81,0,-0.009,0.099,0.013,0.104,-0.018,-0.010,-0.013
61.560571000,9.424089000,9.659180,43,118.385223,2779,-0.0098,0.304,2.505,0.982,-0.007,0.003,-0.001,-0.297,0.186,-0.425,0.102,-0.021,0.067,0.286,2.495,0.969,1502,1526,1774,1440,99.452,-0.012,39.842,1,81,0,-0.009,0.099,0.007,0.098,-0.018,-0.010,-0.013
61.568156000,9.431674000,9.670044,43,2890.173340,2780,-0.0033,0.304,2.505,0.982,-0.006,0.002,0.000,-0.297,0.186,-0.425,0.080,-0.010,0.049,0.286,2.495,0.969,1502,1525,1773,1439,99.433,-0.022,39.826,1,81,0,-0.009,0.099,0.006,0.096,-0.018,-0.010,-0.013
61.578502000,9.442020000,9.679688,43,131.908722,2781,0.0007,0.304,2.505,0.982,-0.005,0.001,-0.001,-0.295,0.186,-0.424,0.100,-0.002,0.047,0.286,2.495,0.969,1501,1524,1774,1440,99.415,-0.032,39.810,1,81,0,-0.009,0.099,0.005,0.095,-0.018,-0.010,-0.013
61.589485000,9.453003000,9.689819,43,96.721153,2782,0.0008,0.304,2.505,0.982,-0.005,-0.000,0.000,-0.295,0.186,-0.424,0.074,0.002,0.057,0.286,2.495,0.969,1501,1525,1773,1440,99.397,-0.042,39.793,1,81,0,-0.009,0.099,0.005,0.095,-0.018,-0.010,-0.013
61.597020000,9.460538000,9.700073,43,91.116173,2783,-0.0027,0.304,2.505,0.982,-0.003,-0.001,-0.002,-0.294,0.186,-0.423,0.091,-0.003,0.069,0.286,2.495,0.969,1501,1524,1774,1440,99.378,-0.052,39.777,1,81,0,-0.009,0.099,0.003,0.093,-0.018,-0.010,-0.013
61.607588000,9.471106000,9.709961,43,132.819763,2784,0.0007,0.304,2.505,0.982,-0.003,-0.001,-0.002,-0.293,0.187,-0.421,0.087,0.017,0.087,0.286,2.495,0.969,1501,1524,1774,1440,99.360,-0.062,39.761,1,81,0,-0.009,0.099,0.003,0.093,-0.018,-0.010,-0.013
61.621718000,9.485236000,9.719849,43,94.688004,2785,0.0042,0.304,2.505,0.982,-0.002,-0.001,-0.002,-0.294,0.186,-0.421,0.055,0.002,0.075,0.286,2.495,0.969,1501,1523,1774,1440,99.341,-0.072,39.746,1,81,0,-0.009,0.099,0.002,0.092,-0.018,-0.010,-0.013
61.625799000,9.489317000,9.729980,43,70.806488,2786,-0.0061,0.304,2.505,0.982,-0.003,-0.001,-0.001,-0.294,0.186,-0.420,0.018,0.000,0.066,0.286,2.495,0.969,1501,1524,1774,1440,99.323,-0.082,39.730,1,81,0,-0.009,0.099,0.003,0.093,-0.018,-0.010,-0.013
61.648628000,9.512146000,9.739990,43,245.398773,2787,0.0128,0.304,2.505,0.982,-0.002,-0.001,-0.000,-0.295,0.186,-0.420,0.000,-0.012,0.061,0.286,2.495,0.969,1501,1523,1773,1440,99.305,-0.092,39.714,1,81,0,-0.009,0.099,0.002,0.092,-0.018,-0.010,-0.013
61.665609000,9.529127000,9.749756,43,43.819290,2788,0.0072,0.304,2.505,0.982,-0.004,-0.002,-0.000,-0.295,0.185,-0.419,0.013,-0.034,0.074,0.286,2.495,0.969,1501,1524,1773,1440,99.286,-0.102,39.698,1,81,0,-0.009,0.099,0.004,0.094,-0.018,-0.010,-0.013
61.666142000,9.529660000,9.760010,43,58.917103,2789,-0.0097,0.304,2.505,0.982,-0.004,-0.003,0.000,-0.294,0.184,-0.417,0.022,-0.044,0.088,0.286,2.495,0.969,1501,1524,1773,1441,99.268,-0.111,39.682,1,81,0,-0.009,0.099,0.004,0.094,-0.018,-0.010,-0.013
61.676507000,9.540025000,9.770020,43,1897.533203,2790,0.0004,0.304,2.505,0.982,-0.004,-0.004,0.000,-0.293,0.183,-0.416,0.029,-0.048,0.112,0.286,2.495,0.969,1501,1524,1773,1441,99.250,-0.121,39.666,1,81,0,-0.009,0.099,0.004,0.094,-0.018,-0.010,-0.013
61.676795000,9.540313000,9.780029,43,96.515778,2791,-0.0097,0.304,2.505,0.982,-0.004,-0.004,0.000,-0.293,0.183,-0.413,0.035,-0.056,0.139,0.286,2.495,0.969,1500,1524,1773,1441,99.232,-0.131,39.650,1,81,0,-0.009,0.099,0.004,0.094,-0.018,-0.010,-0.013
61.687334000,9.550852000,9.789917,43,3546.099365,2792,0.0006,0.304,2.505,0.982,-0.004,-0.005,-0.001,-0.292,0.181,-0.411,0.050,-0.073,0.159,0.286,2.495,0.969,1500,1524,1774,1442,99.214,-0.140,39.634,1,81,0,-0.009,0.099,0.004,0.094,-0.018,-0.010,-0.013
61.697766000,9.561284000,9.799805,43,94.921692,2793,0.0005,0.304,2.505,0.982,-0.005,-0.006,-0.000,-0.292,0.181,-0.409,0.042,-0.057,0.165,0.286,2.495,0.969,1500,1525,1773,1442,99.196,-0.150,39.618,1,81,0,-0.009,0.099,0.005,0.096,-0.018,-0.010,-0.013
61.705720000,9.569238000,9.809937,43,95.932465,2794,-0.0022,0.304,2.505,0.982,-0.005,-0.005,-0.001,-0.292,0.181,-0.409,0.022,-0.060,0.144,0.286,2.495,0.969,1500,1525,1774,1442,99.178,-0.159,39.602,1,81,0,-0.009,0.099,0.005,0.095,-0.018,-0.009,-0.013
61.715979000,9.579497000,9.819824,43,125.817818,2795,0.0004,0.304,2.505,0.982,-0.004,-0.004,-0.000,-0.293,0.180,-0.408,-0.011,-0.067,0.118,0.286,2.495,0.969,1500,1524,1774,1442,99.160,-0.169,39.586,1,81,0,-0.009,0.099,0.004,0.095,-0.018,-0.009,-0.013
61.728607000,9.592125000,9.829956,43,97.560974,2796,0.0025,0.304,2.505,0.982,-0.002,-0.003,-0.000,-0.294,0.179,-0.408,-0.035,-0.059,0.086,0.286,2.495,0.969,1501,1523,1773,1442,99.142,-0.178,39.570,1,81,0,-0.009,0.099,0.002,0.092,-0.018,-0.009,-0.013
61.736447000,9.599965000,9.839966,43,79.239304,2797,-0.0022,0.304,2.505,0.982,-0.002,-0.002,-0.001,-0.294,0.179,-0.408,-0.018,-0.065,0.082,0.286,2.495,0.969,1501,1523,1774,1442,99.124,-0.188,39.554,1,81,0,-0.009,0.099,0.002,0.092,-0.018,-0.009,-0.013
61.753445000,9.616963000,9.848755,43,127.648712,2798,0.0082,0.304,2.505,0.982,0.001,-0.002,-0.003,-0.293,0.177,-0.407,0.017,-0.082,0.081,0.286,2.495,0.969,1501,1522,1775,1442,99.106,-0.197,39.538,1,81,0,-0.009,0.099,-0.001,0.089,-0.018,-0.009,-0.013
61.758568000,9.622086000,9.859131,43,58.854687,2799,-0.0053,0.304,2.505,0.982,0.002,-0.003,-0.004,-0.292,0.177,-0.406,0.031,-0.064,0.094,0.286,2.495,0.969,1501,1521,1775,1442,99.088,-0.207,39.522,1,81,0,-0.009,0.099,-0.002,0.088,-0.018,-0.009,-0.013
61.766927000,9.630445000,9.869995,43,195.503418,2800,-0.0025,0.304,2.505,0.982,0.003,-0.003,-0.005,-0.292,0.178,-0.404,0.031,-0.042,0.095,0.286,2.495,0.969,1501,1521,1775,1442,99.070,-0.216,39.507,1,81,0,-0.009,0.099,-0.003,0.087,-0.018,-0.009,-0.012
61.775748000,9.639266000,9.879761,43,119.717468,2801,-0.0010,0.304,2.505,0.982,0.003,-0.002,-0.005,-0.293,0.178,-0.404,-0.006,-0.021,0.078,0.286,2.495,0.969,1501,1521,1775,1442,99.052,-0.225,39.491,1,81,0,-0.009,0.099,-0.003,0.087,-0.018,-0.009,-0.012
61.789136000,9.652654000,9.890137,43,113.481613,2802,0.0030,0.304,2.505,0.981,0.004,-0.001,-0.006,-0.292,0.178,-0.405,0.011,-0.013,0.052,0.286,2.495,0.969,1501,1520,1776,1442,99.033,-0.235,39.476,1,81,0,-0.009,0.099,-0.004,0.086,-0.018,-0.009,-0.012
61.799537000,9.663055000,9.899902,43,74.732834,2803,0.0006,0.304,2.505,0.981,0.004,-0.001,-0.006,-0.292,0.179,-0.405,0.027,0.004,0.014,0.286,2.495,0.969,1501,1520,1776,1442,99.015,-0.244,39.460,1,81,0,-0.009,0.099,-0.004,0.086,-0.018,-0.009,-0.012
61.810874000,9.674392000,9.909546,43,96.200096,2804,0.0017,0.304,2.505,0.981,0.004,-0.001,-0.006,-0.291,0.179,-0.406,0.043,0.001,-0.011,0.286,2.495,0.969,1501,1520,1776,1442,98.997,-0.253,39.445,1,81,0,-0.009,0.099,-0.004,0.086,-0.018,-0.009,-0.012
61.815691000,9.679209000,9.920044,43,88.261253,2805,-0.0057,0.304,2.505,0.981,0.006,-0.001,-0.006,-0.289,0.178,-0.406,0.068,-0.013,-0.010,0.286,2.495,0.969,1501,1519,1776,1442,98.978,-0.263,39.430,1,81,0,-0.009,0.099,-0.006,0.084,-0.018,-0.009,-0.012
61.824737000,9.688255000,9.930176,43,207.813797,2806,-0.0011,0.304,2.505,0.981,0.005,-0.001,-0.007,-0.288,0.178,-0.405,0.090,-0.011,0.030,0.286,2.495,0.969,1501,1519,1777,1442,98.960,-0.272,39.415,1,81,0,-0.009,0.099,-0.005,0.084,-0.018,-0.009,-0.012
61.836195000,9.699713000,9.939697,43,110.656189,2807,0.0019,0.304,2.505,0.981,0.006,-0.000,-0.007,-0.288,0.178,-0.403,0.070,0.002,0.082,0.286,2.495,0.969,1501,1519,1777,1443,98.941,-0.282,39.400,1,81,0,-0.009,0.099,-0.006,0.084,-0.019,-0.009,-0.012
61.860474000,9.723992000,9.949829,43,87.328621,2808,0.0141,0.304,2.505,0.981,0.006,0.002,-0.008,-0.288,0.178,-0.400,0.041,0.007,0.129,0.286,2.495,0.969,1502,1519,1777,1443,98.923,-0.291,39.385,1,81,0,-0.009,0.099,-0.006,0.083,-0.019,-0.009,-0.012
61.867334000,9.730852000,9.959961,43,41.199738,2809,-0.0033,0.304,2.505,0.981,0.006,0.003,-0.009,-0.289,0.179,-0.398,0.017,0.023,0.154,0.286,2.495,0.969,1502,1519,1778,1444,98.904,-0.301,39.370,1,81,0,-0.009,0.099,-0.006,0.083,-0.019,-0.010,-0.012
61.879825000,9.743343000,9.970093,43,145.942795,2810,0.0024,0.304,2.505,0.981,0.007,0.006,-0.010,-0.291,0.180,-0.396,-0.036,0.041,0.166,0.286,2.495,0.969,1502,1519,1778,1444,98.885,-0.310,39.355,1,81,0,-0.009,0.099,-0.007,0.083,-0.019,-0.010,-0.012
61.888562000,9.752080000,9.979980,43,80.096115,2811,-0.0012,0.304,2.505,0.981,0.007,0.008,-0.012,-0.293,0.181,-0.395,-0.085,0.041,0.144,0.286,2.495,0.969,1503,1518,1779,1444,98.866,-0.320,39.341,1,81,0,-0.009,0.099,-0.007,0.082,-0.019,-0.010,-0.011
61.889473000,9.752991000,9.989868,43,114.521301,2812,-0.0090,0.305,2.505,0.980,0.008,0.010,-0.013,-0.295,0.182,-0.394,-0.116,0.057,0.125,0.286,2.495,0.969,1503,1518,1780,1444,98.847,-0.330,39.327,1,81,0,-0.009,0.099,-0.008,0.081,-0.019,-0.010,-0.011
61.895546000,9.759064000,10.000000,43,1104.972412,2813,-0.0041,0.305,2.506,0.980,0.007,0.011,-0.014,-0.295,0.182,-0.393,-0.100,0.052,0.114,0.286,2.495,0.969,1503,1518,1780,1444,98.828,-0.340,39.313,1,81,0,-0.010,0.099,-0.007,0.082,-0.019,-0.010,-0.011
61.911391000,9.774909000,10.010010,43,164.771790,2814,0.0058,0.305,2.506,0.980,0.006,0.010,-0.015,-0.297,0.183,-0.392,-0.106,0.054,0.112,0.286,2.495,0.969,1503,1519,1781,1444,98.809,-0.350,39.299,1,81,0,-0.010,0.099,-0.006,0.084,-0.019,-0.010,-0.011
61.920791000,9.784309000,10.019531,43,63.139286,2815,-0.0001,0.305,2.506,0.980,0.005,0.010,-0.015,-0.297,0.183,-0.392,-0.091,0.050,0.096,0.286,2.495,0.969,1503,1519,1781,1444,98.790,-0.361,39.286,1,81,0,-0.010,0.099,-0.005,0.084,-0.019,-0.010,-0.011
61.925512000,9.789030000,10.030029,43,106.462257,2816,-0.0058,0.305,2.506,0.980,0.005,0.009,-0.016,-0.296,0.183,-0.391,-0.039,0.043,0.087,0.286,2.495,0.969,1503,1519,1782,1444,98.771,-0.371,39.273,1,81,0,-0.010,0.099,-0.005,0.084,-0.019,-0.010,-0.011
61.934818000,9.798336000,10.039917,43,212.089081,2817,-0.0006,0.305,2.506,0.979,0.003,0.008,-0.017,-0.295,0.184,-0.390,-0.012,0.045,0.096,0.286,2.495,0.969,1503,1520,1782,1445,98.752,-0.381,39.260,1,81,0,-0.010,0.099,-0.003,0.086,-0.019,-0.010,-0.010
61.955658000,9.819176000,10.049927,43,107.550011,2818,0.0108,0.305,2.506,0.979,0.003,0.008,-0.018,-0.294,0.184,-0.389,0.018,0.047,0.096,0.286,2.495,0.969,1503,1520,1783,1445,98.733,-0.392,39.247,1,81,0,-0.010,0.099,-0.003,0.086,-0.019,-0.010,-0.010
61.962012000,9.825530000,10.060181,43,48.003071,2819,-0.0039,0.305,2.506,0.979,0.004,0.009,-0.019,-0.293,0.186,-0.389,0.048,0.067,0.071,0.286,2.495,0.969,1503,1520,1783,1445,98.714,-0.402,39.235,1,81,0,-0.010,0.099,-0.004,0.085,-0.019,-0.011,-0.010
61.966956000,9.830474000,10.069824,43,157.579575,2820,-0.0047,0.305,2.506,0.979,0.004,0.008,-0.019,-0.292,0.187,-0.389,0.062,0.081,0.051,0.286,2.495,0.969,1503,1520,1784,1445,98.695,-0.413,39.222,1,81,0,-0.010,0.099,-0.004,0.085,-0.019,-0.011,-0.010
61.977399000,9.840917000,10.079956,43,202.511139,2821,0.0003,0.305,2.506,0.979,0.005,0.009,-0.020,-0.290,0.188,-0.390,0.086,0.098,0.009,0.286,2.495,0.969,1503,1519,1784,1444,98.675,-0.424,39.210,1,81,0,-0.010,0.099,-0.005,0.084,-0.019,-0.011,-0.010
61.986372000,9.849890000,10.090332,43,95.831337,2822,-0.0014,0.305,2.506,0.978,0.007,0.010,-0.020,-0.289,0.190,-0.391,0.102,0.106,-0.023,0.286,2.495,0.969,1504,1518,1784,1444,98.656,-0.435,39.199,1,81,0,-0.010,0.099,-0.007,0.082,-0.019,-0.011,-0.009
61.997633000,9.861151000,10.099976,43,111.544899,2823,0.0016,0.305,2.506,0.978,0.007,0.009,-0.020,-0.288,0.191,-0.392,0.090,0.117,-0.019,0.286,2.495,0.969,1503,1518,1785,1444,98.636,-0.446,39.187,1,81,0,-0.010,0.099,-0.007,0.082,-0.019,-0.011,-0.009
62.008706000,9.872224000,10.110107,43,88.865189,2824,0.0009,0.305,2.506,0.978,0.006,0.008,-0.019,-0.288,0.191,-0.391,0.063,0.100,-0.006,0.286,2.495,0.969,1503,1519,1785,1444,98.617,-0.457,39.176,1,81,0,-0.010,0.099,-0.006,0.083,-0.020,-0.011,-0.009
62.016759000,9.880277000,10.119995,43,90.366890,2825,-0.0018,0.305,2.506,0.978,0.007,0.007,-0.018,-0.289,0.192,-0.391,0.034,0.089,0.002,0.286,2.495,0.969,1503,1518,1784,1444,98.597,-0.468,39.165,1,81,0,-0.010,0.099,-0.007,0.082,-0.020,-0.011,-0.009
62.027192000,9.890710000,10.129883,43,124.269913,2826,0.0005,0.305,2.507,0.978,0.007,0.006,-0.017,-0.289,0.193,-0.391,0.009,0.099,0.012,0.286,2.495,0.969,1503,1518,1784,1444,98.578,-0.479,39.154,1,81,0,-0.010,0.099,-0.007,0.082,-0.020,-0.011,-0.009
62.040233000,9.903751000,10.140015,43,95.923264,2827,0.0029,0.305,2.507,0.978,0.005,0.005,-0.017,-0.290,0.194,-0.390,-0.019,0.090,0.010,0.286,2.495,0.969,1503,1519,1784,1444,98.558,-0.490,39.144,1,81,0,-0.010,0.099,-0.005,0.084,-0.020,-0.011,-0.009
62.047927000,9.911445000,10.150146,43,76.728302,2828,-0.0024,0.305,2.507,0.977,0.005,0.005,-0.016,-0.292,0.194,-0.391,-0.048,0.070,-0.001,0.286,2.495,0.969,1503,1519,1784,1444,98.538,-0.501,39.133,1,81,0,-0.010,0.099,-0.005,0.084,-0.020,-0.011,-0.008
62.058810000,9.922328000,10.159912,43,130.055923,2829,0.0011,0.305,2.507,0.977,0.003,0.004,-0.014,-0.292,0.194,-0.391,-0.042,0.052,-0.011,0.286,2.495,0.969,1502,1520,1784,1444,98.518,-0.512,39.123,1,81,0,-0.010,0.099,-0.003,0.085,-0.020,-0.011,-0.008
62.071646000,9.935164000,10.170044,43,91.945572,2830,0.0027,0.305,2.507,0.977,0.005,0.004,-0.014,-0.292,0.194,-0.393,-0.020,0.041,-0.048,0.286,2.495,0.969,1502,1519,1784,1444,98.499,-0.523,39.112,1,81,0,-0.010,0.098,-0.005,0.084,-0.020,-0.011,-0.008
62.076066000,9.939584000,10.180054,43,77.954475,2831,-0.0056,0.306,2.507,0.977,0.009,0.010,-0.018,-0.289,0.191,-0.395,0.058,-0.058,-0.081,0.286,2.495,0.969,1504,1517,1786,1444,98.479,-0.535,39.103,1,81,0,-0.010,0.098,-0.009,0.080,-0.020,-0.011,-0.008
62.084244000,9.947762000,10.188721,43,226.551880,2832,-0.0005,0.306,2.507,0.977,0.010,0.008,-0.020,-0.288,0.191,-0.395,0.072,-0.039,-0.061,0.286,2.495,0.969,1503,1517,1786,1444,98.459,-0.546,39.093,1,81,0,-0.010,0.098,-0.010,0.079,-0.020,-0.012,-0.008
62.102756000,9.966274000,10.199829,43,122.384041,2833,0.0074,0.306,2.507,0.977,0.010,0.009,-0.019,-0.287,0.191,-0.394,0.075,-0.013,-0.041,0.286,2.495,0.969,1503,1517,1786,1444,98.438,-0.558,39.084,1,81,0,-0.010,0.098,-0.010,0.079,-0.020,-0.012,-0.007
62.112572000,9.976090000,10.210083,43,54.042370,2834,-0.0004,0.306,2.507,0.976,0.010,0.010,-0.020,-0.287,0.192,-0.395,0.056,-0.000,-0.042,0.286,2.495,0.969,1504,1517,1787,1444,98.418,-0.570,39.075,1,81,0,-0.010,0.098,-0.010,0.078,-0.020,-0.012,-0.007
62.116723000,9.980241000,10.220093,43,101.926407,2835,-0.0059,0.306,2.507,0.976,0.010,0.011,-0.020,-0.288,0.193,-0.396,0.017,0.037,-0.061,0.286,2.495,0.969,1504,1516,1787,1443,98.398,-0.582,39.066,1,81,0,-0.010,0.098,-0.010,0.078,-0.020,-0.012,-0.007
62.124350000,9.987868000,10.229980,43,241.254517,2836,-0.0023,0.306,2.507,0.976,0.010,0.012,-0.018,-0.288,0.195,-0.398,-0.001,0.073,-0.086,0.286,2.495,0.969,1504,1517,1787,1443,98.377,-0.594,39.057,1,81,0,-0.010,0.098,-0.010,0.079,-0.021,-0.012,-0.007
62.135409000,9.998927000,10.239746,43,131.250824,2837,0.0013,0.306,2.507,0.976,0.003,-0.003,-0.011,-0.293,0.195,-0.395,-0.119,0.047,0.006,0.286,2.495,0.969,1501,1520,1784,1444,98.357,-0.605,39.049,1,81,0,-0.010,0.098,-0.003,0.086,-0.020,-0.012,-0.007
62.144344000,10.007862000,10.250000,43,90.489548,2838,-0.0013,0.306,2.507,0.976,-0.008,0.000,-0.003,-0.295,0.194,-0.393,-0.150,0.005,0.046,0.286,2.495,0.969,1502,1525,1781,1444,98.337,-0.617,39.040,1,81,0,-0.010,0.098,0.008,0.096,-0.020,-0.012,-0.007
62.162398000,10.025916000,10.259888,43,112.032265,2839,0.0082,0.305,2.507,0.976,-0.008,0.000,-0.004,-0.293,0.193,-0.393,-0.061,-0.004,0.036,0.286,2.495,0.969,1502,1526,1781,1444,98.317,-0.629,39.031,1,81,0,-0.010,0.098,0.008,0.097,-0.020,-0.012,-0.007
62.167028000,10.030546000,10.270020,43,55.413940,2840,-0.0055,0.305,2.507,0.976,-0.010,0.001,-0.004,-0.291,0.193,-0.392,0.016,-0.006,0.064,0.286,2.495,0.969,1502,1526,1782,1444,98.297,-0.640,39.022,1,81,0,-0.010,0.098,0.010,0.098,-0.020,-0.012,-0.007
62.176629000,10.040147000,10.279785,43,216.309753,2841,-0.0002,0.305,2.507,0.976,-0.014,0.003,-0.003,-0.289,0.191,-0.388,0.073,-0.048,0.138,0.286,2.495,0.969,1502,1529,1781,1445,98.278,-0.652,39.013,1,81,0,-0.010,0.098,0.014,0.103,-0.019,-0.012,-0.007
62.183921000,10.047439000,10.288940,43,104.231812,2842,-0.0019,0.305,2.507,0.976,-0.015,0.005,-0.002,-0.286,0.191,-0.385,0.120,-0.058,0.183,0.286,2.495,0.969,1503,1529,1781,1445,98.259,-0.664,39.004,1,81,0,-0.010,0.098,0.015,0.103,-0.019,-0.012,-0.007
62.192946000,10.056464000,10.297852,43,137.230682,2843,0.0001,0.305,2.507,0.976,-0.016,0.004,-0.001,-0.284,0.189,-0.383,0.139,-0.077,0.201,0.286,2.495,0.969,1503,1530,1779,1446,98.239,-0.676,38.995,1,81,0,-0.010,0.098,0.016,0.105,-0.019,-0.012,-0.007
62.205299000,10.068817000,10.309692,43,110.913933,2844,0.0005,0.305,2.507,0.976,-0.015,0.004,0.001,-0.284,0.188,-0.382,0.116,-0.082,0.178,0.286,2.495,0.969,1502,1529,1778,1446,98.220,-0.688,38.986,1,81,0,-0.009,0.098,0.015,0.103,-0.019,-0.012,-0.007
62.214749000,10.078267000,10.319946,43,81.004456,2845,-0.0008,0.305,2.507,0.976,-0.013,0.003,0.004,-0.283,0.187,-0.381,0.103,-0.085,0.139,0.286,2.495,0.969,1502,1528,1778,1446,98.202,-0.700,38.977,1,81,0,-0.009,0.098,0.013,0.102,-0.019,-0.012,-0.007
62.226899000,10.090417000,10.327271,43,105.909767,2846,0.0048,0.304,2.507,0.977,-0.011,0.004,0.007,-0.282,0.186,-0.382,0.107,-0.111,0.093,0.286,2.495,0.969,1503,1527,1776,1446,98.183,-0.712,38.968,1,81,0,-0.009,0.098,0.011,0.100,-0.019,-0.012,-0.007
62.234671000,10.098189000,10.339233,43,82.351974,2847,-0.0042,0.304,2.507,0.977,-0.009,0.003,0.008,-0.282,0.185,-0.382,0.077,-0.108,0.060,0.286,2.495,0.969,1502,1526,1776,1446,98.164,-0.724,38.958,1,81,0,-0.009,0.098,0.009,0.098,-0.019,-0.012,-0.008
62.246824000,10.110342000,10.349609,43,128.766418,2848,0.0018,0.304,2.507,0.977,-0.008,0.002,0.009,-0.283,0.184,-0.383,0.050,-0.110,0.036,0.286,2.495,0.969,1502,1526,1775,1445,98.145,-0.736,38.949,1,81,0,-0.009,0.098,0.008,0.096,-0.019,-0.012,-0.008
62.264188000,10.127706000,10.359009,43,82.331635,2849,0.0080,0.304,2.507,0.977,-0.007,-0.001,0.010,-0.282,0.183,-0.382,0.053,-0.105,0.042,0.286,2.495,0.969,1502,1525,1775,1446,98.126,-0.748,38.939,1,81,0,-0.009,0.098,0.007,0.096,-0.019,-0.012,-0.008
62.268491000,10.132009000,10.369995,43,57.613644,2850,-0.0067,0.304,2.507,0.977,-0.007,-0.003,0.010,-0.282,0.183,-0.382,0.046,-0.080,0.035,0.286,2.495,0.969,1501,1525,1775,1446,98.108,-0.760,38.929,1,81,0,-0.009,0.098,0.007,0.095,-0.019,-0.012,-0.008
62.274431000,10.137949000,10.379883,43,232.774673,2851,-0.0040,0.304,2.507,0.977,-0.007,-0.004,0.010,-0.282,0.182,-0.381,0.026,-0.067,0.040,0.286,2.495,0.969,1501,1525,1775,1446,98.089,-0.771,38.919,1,81,0,-0.009,0.098,0.007,0.096,-0.019,-0.012,-0.008
62.286073000,10.149591000,10.390015,43,168.577209,2852,0.0015,0.304,2.507,0.977,-0.005,-0.004,0.009,-0.282,0.182,-0.381,0.022,-0.063,0.038,0.286,2.495,0.969,1501,1524,1775,1446,98.070,-0.783,38.909,1,81,0,-0.009,0.098,0.005,0.094,-0.019,-0.012,-0.008
62.296583000,10.160101000,10.399414,43,85.954956,2853,0.0011,0.304,2.507,0.977,-0.005,-0.004,0.010,-0.282,0.181,-0.380,0.016,-0.066,0.052,0.286,2.495,0.969,1501,1524,1774,1446,98.052,-0.795,38.898,1,81,0,-0.009,0.098,0.005,0.094,-0.019,-0.012,-0.008
62.306631000,10.170149000,10.409790,43,95.219955,2854,-0.0003,0.304,2.507,0.977,-0.005,-0.004,0.011,-0.282,0.180,-0.379,0.012,-0.066,0.056,0.286,2.495,0.969,1501,1524,1774,1446,98.033,-0.806,38.888,1,81,0,-0.009,0.098,0.005,0.093,-0.019,-0.012,-0.008
62.315756000,10.179274000,10.420044,43,99.591675,2855,-0.0011,0.304,2.507,0.978,-0.004,-0.003,0.010,-0.282,0.180,-0.379,0.015,-0.060,0.052,0.286,2.495,0.969,1501,1524,1774,1446,98.015,-0.818,38.877,1,81,0,-0.009,0.098,0.004,0.093,-0.018,-0.012,-0.008
62.325324000,10.188842000,10.430054,43,109.673172,2856,-0.0004,0.304,2.507,0.978,-0.005,-0.001,0.010,-0.282,0.180,-0.379,0.005,-0.058,0.049,0.286,2.495,0.969,1502,1524,1774,1446,97.996,-0.829,38.867,1,81,0,-0.009,0.098,0.005,0.094,-0.018,-0.012,-0.009
62.334418000,10.197936000,10.440063,43,104.602509,2857,-0.0009,0.304,2.507,0.978,-0.005,-0.000,0.008,-0.282,0.179,-0.379,-0.001,-0.055,0.039,0.286,2.495,0.969,1502,1524,1775,1446,97.978,-0.841,38.856,1,81,0,-0.009,0.098,0.005,0.093,-0.018,-0.012,-0.009
62.345560000,10.209078000,10.449829,43,110.059433,2858,0.0014,0.304,2.507,0.978,-0.005,-0.000,0.008,-0.284,0.179,-0.377,-0.032,-0.046,0.057,0.286,2.495,0.969,1502,1524,1775,1446,97.960,-0.853,38.845,1,81,0,-0.009,0.098,0.005,0.094,-0.018,-0.012,-0.009
62.367867000,10.231385000,10.460083,43,89.814980,2859,0.0120,0.304,2.507,0.978,-0.005,0.001,0.008,-0.285,0.179,-0.376,-0.051,-0.036,0.079,0.286,2.495,0.969,1502,1524,1775,1446,97.941,-0.865,38.834,1,81,0,-0.009,0.098,0.005,0.094,-0.018,-0.012,-0.009
62.378030000,10.241548000,10.469727,43,44.839027,2860,0.0005,0.304,2.507,0.978,-0.005,0.002,0.005,-0.285,0.178,-0.374,-0.041,-0.048,0.110,0.286,2.495,0.969,1502,1524,1775,1447,97.923,-0.876,38.824,1,81,0,-0.009,0.098,0.005,0.094,-0.018,-0.012,-0.009
62.378466000,10.241984000,10.480103,43,98.463959,2861,-0.0099,0.304,2.507,0.978,-0.003,0.005,0.004,-0.286,0.178,-0.373,-0.068,-0.046,0.109,0.286,2.495,0.969,1503,1523,1776,1447,97.905,-0.888,38.813,1,81,0,-0.009,0.098,0.003,0.092,-0.018,-0.012,-0.009
62.386131000,10.249649000,10.489990,43,2325.581299,2862,-0.0022,0.304,2.507,0.978,-0.003,0.007,0.003,-0.288,0.178,-0.372,-0.080,-0.031,0.106,0.286,2.495,0.969,1503,1523,1776,1447,97.887,-0.900,38.802,1,81,0,-0.009,0.098,0.003,0.092,-0.018,-0.012,-0.009
62.396991000,10.260509000,10.499512,43,130.531265,2863,0.0013,0.304,2.508,0.978,-0.002,0.010,0.001,-0.287,0.177,-0.371,-0.057,-0.031,0.106,0.286,2.495,0.969,1504,1523,1777,1447,97.869,-0.912,38.791,1,81,0,-0.009,0.098,0.002,0.091,-0.018,-0.012,-0.009
62.406504000,10.270022000,10.509521,43,92.148911,2864,-0.0005,0.304,2.508,0.978,-0.002,0.012,-0.001,-0.288,0.177,-0.370,-0.052,-0.025,0.094,0.286,2.495,0.969,1504,1523,1778,1447,97.850,-0.925,38.780,1,81,0,-0.009,0.098,0.002,0.090,-0.018,-0.012,-0.009
62.420243000,10.283761000,10.520020,43,105.207787,2865,0.0032,0.304,2.508,0.978,-0.002,0.014,-0.002,-0.288,0.177,-0.370,-0.050,-0.023,0.079,0.286,2.495,0.969,1505,1523,1778,1447,97.832,-0.937,38.770,1,81,0,-0.009,0.098,0.002,0.091,-0.018,-0.013,-0.009
62.430871000,10.294389000,10.530029,43,72.817299,2866,0.0006,0.304,2.508,0.978,-0.003,0.013,-0.002,-0.289,0.177,-0.369,-0.062,-0.017,0.084,0.286,2.495,0.969,1505,1523,1778,1447,97.814,-0.950,38.759,1,81,0,-0.009,0.098,0.003,0.092,-0.018,-0.013,-0.008
62.438234000,10.301752000,10.539795,43,94.153091,2867,-0.0024,0.304,2.508,0.977,-0.003,0.014,-0.004,-0.290,0.177,-0.369,-0.057,-0.009,0.066,0.286,2.495,0.969,1505,1523,1779,1447,97.796,-0.963,38.749,1,81,0,-0.009,0.098,0.003,0.091,-0.018,-0.013,-0.008
62.451322000,10.314840000,10.549927,43,135.906494,2868,0.0029,0.304,2.509,0.977,-0.004,0.016,-0.006,-0.289,0.178,-0.369,-0.032,-0.002,0.052,0.286,2.495,0.969,1505,1523,1780,1447,97.778,-0.976,38.738,1,81,0,-0.009,0.098,0.004,0.092,-0.018,-0.013,-0.008
62.462007000,10.325525000,10.560059,43,76.452599,2869,0.0005,0.304,2.509,0.977,-0.005,0.017,-0.008,-0.287,0.177,-0.368,0.033,-0.008,0.052,0.286,2.495,0.969,1505,1524,1781,1447,97.760,-0.989,38.728,1,81,0,-0.009,0.098,0.005,0.094,-0.018,-0.013,-0.008
62.473479000,10.336997000,10.570068,43,93.650497,2870,0.0015,0.303,2.509,0.977,-0.007,0.017,-0.009,-0.286,0.177,-0.368,0.038,-0.003,0.047,0.286,2.495,0.969,1505,1525,1781,1448,97.742,-1.003,38.718,1,81,0,-0.009,0.098,0.007,0.096,-0.018,-0.013,-0.008
62.482200000,10.345718000,10.579956,43,87.221977,2871,-0.0012,0.303,2.509,0.977,-0.007,0.018,-0.011,-0.285,0.179,-0.368,0.056,0.033,0.039,0.286,2.495,0.969,1506,1525,1782,1448,97.724,-1.017,38.708,1,81,0,-0.009,0.098,0.007,0.095,-0.018,-0.014,-0.008
62.489896000,10.353414000,10.590088,43,114.757858,2872,-0.0024,0.303,2.509,0.977,-0.009,0.018,-0.011,-0.284,0.180,-0.367,0.079,0.052,0.040,0.286,2.495,0.969,1506,1526,1782,1448,97.707,-1.030,38.699,1,81,0,-0.009,0.098,0.009,0.098,-0.018,-0.014,-0.008
62.497648000,10.361166000,10.599976,43,130.039017,2873,-0.0021,0.303,2.509,0.977,-0.009,0.018,-0.012,-0.281,0.180,-0.367,0.140,0.052,0.043,0.286,2.495,0.969,1506,1526,1783,1448,97.689,-1.044,38.689,1,81,0,-0.009,0.098,0.009,0.098,-0.018,-0.014,-0.008
62.504359000,10.367877000,10.609985,43,129.098892,2874,-0.0033,0.303,2.510,0.977,-0.008,0.019,-0.013,-0.277,0.181,-0.366,0.204,0.044,0.047,0.286,2.495,0.969,1506,1526,1783,1448,97.672,-1.059,38.680,1,81,0,-0.009,0.098,0.008,0.097,-0.017,-0.014,-0.007
62.521251000,10.384769000,10.619629,43,149.164673,2875,0.0072,0.303,2.510,0.976,-0.008,0.020,-0.011,-0.272,0.180,-0.366,0.259,0.029,0.037,0.286,2.495,0.969,1506,1526,1783,1448,97.654,-1.073,38.671,1,81,0,-0.009,0.098,0.008,0.097,-0.017,-0.014,-0.007
62.546533000,10.410051000,10.629883,43,59.224163,2876,0.0150,0.303,2.510,0.976,-0.007,0.020,-0.011,-0.268,0.181,-0.367,0.293,0.031,0.003,0.286,2.495,0.969,1506,1525,1783,1448,97.637,-1.088,38.662,1,81,0,-0.009,0.098,0.007,0.096,-0.017,-0.015,-0.007
62.553565000,10.417083000,10.639526,43,39.566353,2877,-0.0026,0.303,2.510,0.976,-0.007,0.020,-0.009,-0.266,0.181,-0.367,0.289,0.028,0.000,0.286,2.495,0.969,1506,1525,1782,1448,97.620,-1.103,38.653,1,81,0,-0.009,0.098,0.007,0.095,-0.017,-0.015,-0.007
62.553918000,10.417436000,10.649658,43,142.328491,2878,-0.0098,0.303,2.511,0.976,-0.005,0.020,-0.008,-0.262,0.180,-0.367,0.302,0.007,0.008,0.286,2.495,0.969,1506,1524,1782,1448,97.602,-1.118,38.644,1,81,0,-0.009,0.098,0.005,0.094,-0.017,-0.015,-0.007
62.554787000,10.418305000,10.660278,43,2881.844482,2879,-0.0098,0.303,2.511,0.976,-0.004,0.020,-0.008,-0.260,0.180,-0.367,0.276,-0.015,0.008,0.286,2.495,0.969,1506,1524,1782,1448,97.585,-1.133,38.635,1,81,0,-0.009,0.098,0.004,0.093,-0.017,-0.015,-0.007
62.573371000,10.436889000,10.668213,43,1154.734375,2880,0.0106,0.303,2.511,0.976,-0.003,0.022,-0.008,-0.259,0.179,-0.367,0.251,-0.039,0.007,0.286,2.495,0.969,1507,1523,1782,1448,97.568,-1.149,38.626,1,81,0,-0.009,0.098,0.003,0.092,-0.017,-0.016,-0.007
62.586260000,10.449778000,10.678955,43,53.827106,2881,0.0021,0.303,2.511,0.976,-0.004,0.021,-0.006,-0.259,0.179,-0.366,0.178,-0.027,0.013,0.286,2.495,0.969,1507,1524,1781,1448,97.550,-1.164,38.617,1,81,0,-0.009,0.098,0.004,0.093,-0.017,-0.016,-0.007
62.586610000,10.450128000,10.689819,43,77.633720,2882,-0.0105,0.303,2.512,0.976,-0.003,0.024,-0.004,-0.259,0.179,-0.369,0.134,-0.007,-0.040,0.286,2.495,0.969,1507,1523,1781,1447,97.533,-1.180,38.608,1,81,0,-0.009,0.098,0.003,0.092,-0.017,-0.016,-0.007
62.596872000,10.460390000,10.699951,43,2898.550781,2883,0.0001,0.303,2.512,0.976,-0.003,0.023,-0.003,-0.256,0.179,-0.369,0.180,-0.022,-0.036,0.286,2.495,0.969,1507,1523,1780,1447,97.516,-1.197,38.600,1,81,0,-0.009,0.098,0.003,0.092,-0.017,-0.016,-0.007
62.608151000,10.471669000,10.709717,43,97.475388,2884,0.0015,0.303,2.512,0.976,-0.004,0.022,-0.000,-0.253,0.178,-0.368,0.207,-0.038,-0.015,0.286,2.495,0.969,1507,1524,1779,1447,97.499,-1.213,38.591,1,81,0,-0.009,0.097,0.004,0.093,-0.017,-0.016,-0.007
62.616122000,10.479640000,10.720093,43,88.723274,2885,-0.0024,0.303,2.512,0.976,-0.003,0.023,0.002,-0.248,0.176,-0.368,0.281,-0.066,0.005,0.286,2.495,0.969,1507,1523,1778,1447,97.482,-1.230,38.582,1,81,0,-0.009,0.097,0.003,0.092,-0.017,-0.017,-0.007
62.624390000,10.487908000,10.729980,43,125.549278,2886,-0.0016,0.303,2.512,0.976,-0.005,0.022,0.005,-0.244,0.175,-0.367,0.308,-0.079,0.024,0.286,2.495,0.969,1507,1524,1777,1448,97.465,-1.247,38.573,1,81,0,-0.009,0.097,0.005,0.094,-0.017,-0.017,-0.007
62.634373000,10.497891000,10.739502,43,121.036072,2887,0.0005,0.302,2.513,0.976,-0.007,0.021,0.005,-0.239,0.174,-0.366,0.366,-0.083,0.041,0.286,2.495,0.969,1507,1525,1777,1448,97.448,-1.264,38.563,1,81,0,-0.008,0.097,0.007,0.096,-0.017,-0.017,-0.007
62.644305000,10.507823000,10.748779,43,100.250626,2888,0.0006,0.302,2.513,0.977,-0.009,0.021,0.008,-0.233,0.173,-0.366,0.426,-0.102,0.038,0.286,2.495,0.969,1507,1526,1776,1448,97.431,-1.281,38.554,1,81,0,-0.008,0.097,0.009,0.098,-0.017,-0.017,-0.008
62.662312000,10.525830000,10.760010,43,100.765823,2889,0.0068,0.302,2.513,0.977,-0.008,0.019,0.007,-0.226,0.172,-0.366,0.475,-0.098,0.019,0.286,2.495,0.969,1507,1526,1776,1448,97.415,-1.299,38.544,1,81,0,-0.008,0.097,0.008,0.097,-0.017,-0.017,-0.008
62.676136000,10.539654000,10.770020,43,55.561729,2890,0.0038,0.302,2.513,0.977,-0.009,0.018,0.009,-0.218,0.170,-0.366,0.577,-0.127,0.018,0.286,2.495,0.969,1506,1526,1775,1448,97.398,-1.316,38.535,1,81,0,-0.008,0.097,0.009,0.098,-0.017,-0.018,-0.008
62.685677000,10.549195000,10.780029,43,72.379852,2891,-0.0005,0.302,2.513,0.977,-0.008,0.016,0.008,-0.210,0.169,-0.366,0.624,-0.106,0.025,0.286,2.495,0.969,1506,1526,1775,1448,97.381,-1.334,38.525,1,81,0,-0.008,0.097,0.008,0.097,-0.017,-0.018,-0.008
62.686027000,10.549545000,10.789795,43,104.898773,2892,-0.0094,0.302,2.513,0.977,-0.008,0.016,0.006,-0.204,0.169,-0.365,0.606,-0.077,0.022,0.286,2.495,0.969,1506,1526,1776,1448,97.365,-1.352,38.515,1,81,0,-0.008,0.097,0.008,0.097,-0.016,-0.018,-0.008
62.695796000,10.559314000,10.800171,43,2898.550781,2893,-0.0006,0.302,2.513,0.977,-0.007,0.017,0.005,-0.201,0.170,-0.365,0.540,-0.053,0.037,0.286,2.495,0.969,1506,1525,1777,1448,97.349,-1.370,38.505,1,81,0,-0.008,0.097,0.007,0.096,-0.016,-0.018,-0.008
62.707885000,10.571403000,10.810059,43,102.396065,2894,0.0022,0.302,2.514,0.977,-0.011,0.016,0.008,-0.203,0.172,-0.366,0.350,0.029,-0.003,0.286,2.495,0.969,1506,1527,1775,1448,97.332,-1.388,38.495,1,81,0,-0.008,0.097,0.011,0.100,-0.016,-0.018,-0.008
62.718976000,10.582494000,10.819702,43,82.774605,2895,0.0014,0.302,2.514,0.977,-0.003,0.016,0.000,-0.198,0.170,-0.364,0.406,-0.024,0.048,0.286,2.495,0.969,1506,1523,1778,1448,97.316,-1.406,38.486,1,81,0,-0.008,0.097,0.003,0.092,-0.016,-0.018,-0.008
62.728501000,10.592019000,10.830078,43,90.211998,2896,-0.0009,0.302,2.514,0.977,-0.001,0.015,-0.001,-0.198,0.171,-0.365,0.289,-0.013,0.018,0.286,2.495,0.969,1506,1522,1779,1448,97.300,-1.425,38.476,1,81,0,-0.008,0.097,0.001,0.090,-0.016,-0.018,-0.008
62.736162000,10.599680000,10.840088,43,105.064087,2897,-0.0024,0.302,2.514,0.977,0.001,0.015,-0.003,-0.198,0.171,-0.365,0.211,-0.004,0.004,0.286,2.495,0.969,1506,1521,1779,1448,97.283,-1.443,38.466,1,81,0,-0.008,0.097,-0.001,0.088,-0.016,-0.019,-0.008
62.756485000,10.620003000,10.849976,43,130.616516,2898,0.0104,0.302,2.514,0.977,0.001,0.013,-0.004,-0.198,0.171,-0.364,0.158,-0.003,0.017,0.286,2.495,0.969,1506,1521,1780,1448,97.267,-1.462,38.457,1,81,0,-0.008,0.097,-0.001,0.088,-0.017,-0.019,-0.008
62.774358000,10.637876000,10.859985,43,49.224712,2899,0.0079,0.302,2.514,0.977,0.003,0.012,-0.005,-0.197,0.170,-0.363,0.144,-0.019,0.039,0.286,2.495,0.969,1505,1520,1780,1448,97.250,-1.481,38.448,1,81,0,-0.008,0.097,-0.003,0.086,-0.017,-0.019,-0.007
62.782123000,10.645641000,10.868408,43,55.972237,2900,-0.0007,0.302,2.514,0.977,-0.002,0.012,-0.002,-0.199,0.171,-0.362,0.067,0.011,0.057,0.286,2.495,0.969,1505,1523,1779,1448,97.234,-1.500,38.438,1,81,0,-0.008,0.097,0.002,0.091,-0.016,-0.019,-0.008
62.782542000,10.646060000,10.880005,43,128.882584,2901,-0.0112,0.302,2.514,0.976,0.004,0.009,-0.008,-0.192,0.170,-0.361,0.198,-0.020,0.086,0.286,2.495,0.969,1505,1520,1782,1449,97.217,-1.519,38.429,1,81,0,-0.008,0.097,-0.004,0.085,-0.017,-0.019,-0.007
62.786971000,10.650489000,10.889648,43,2421.307617,2902,-0.0052,0.302,2.514,0.976,0.006,0.009,-0.011,-0.190,0.169,-0.359,0.195,-0.028,0.093,0.286,2.495,0.969,1505,1519,1783,1449,97.200,-1.538,38.420,1,81,0,-0.008,0.097,-0.006,0.083,-0.017,-0.019,-0.007
62.801176000,10.664694000,10.900024,43,225.988693,2903,0.0038,0.303,2.515,0.976,0.007,0.010,-0.013,-0.189,0.170,-0.358,0.174,-0.013,0.096,0.286,2.495,0.969,1505,1518,1784,1449,97.183,-1.557,38.412,1,81,0,-0.008,0.097,-0.007,0.082,-0.017,-0.019,-0.007
62.805439000,10.668957000,10.910156,43,70.432457,2904,-0.0059,0.303,2.515,0.976,0.009,0.011,-0.013,-0.190,0.171,-0.359,0.117,0.013,0.065,0.286,2.495,0.969,1505,1517,1784,1449,97.166,-1.576,38.403,1,81,0,-0.009,0.097,-0.009,0.080,-0.017,-0.019,-0.007
62.814744000,10.678262000,10.919922,43,234.962402,2905,-0.0005,0.303,2.515,0.976,0.008,0.011,-0.014,-0.191,0.171,-0.358,0.061,0.027,0.061,0.286,2.495,0.969,1505,1518,1785,1449,97.149,-1.595,38.395,1,81,0,-0.009,0.097,-0.008,0.080,-0.017,-0.019,-0.007
62.828815000,10.692333000,10.929932,43,107.561577,2906,0.0041,0.303,2.515,0.975,0.009,0.011,-0.016,-0.190,0.171,-0.358,0.069,0.008,0.043,0.286,2.495,0.969,1505,1517,1785,1449,97.132,-1.615,38.387,1,81,0,-0.009,0.097,-0.009,0.080,-0.017,-0.019,-0.006
62.835492000,10.699010000,10.939819,43,71.113640,2907,-0.0032,0.303,2.515,0.975,0.009,0.011,-0.017,-0.188,0.171,-0.358,0.085,0.001,0.050,0.286,2.495,0.969,1505,1517,1786,1449,97.114,-1.634,38.380,1,81,0,-0.009,0.097,-0.009,0.080,-0.017,-0.020,-0.006
62.848231000,10.711749000,10.949951,43,149.902557,2908,0.0026,0.303,2.515,0.975,0.008,0.010,-0.017,-0.188,0.170,-0.356,0.084,-0.006,0.079,0.286,2.495,0.969,1505,1517,1786,1449,97.097,-1.654,38.372,1,81,0,-0.009,0.097,-0.008,0.080,-0.017,-0.020,-0.006
62.858642000,10.722160000,10.960083,43,78.554596,2909,0.0003,0.303,2.515,0.975,0.008,0.008,-0.017,-0.187,0.170,-0.354,0.084,-0.005,0.103,0.286,2.495,0.969,1505,1518,1786,1450,97.080,-1.673,38.365,1,81,0,-0.009,0.097,-0.008,0.081,-0.017,-0.020,-0.006
62.866694000,10.730212000,10.969971,43,96.135361,2910,-0.0018,0.303,2.515,0.975,0.005,0.008,-0.017,-0.186,0.170,-0.353,0.088,-0.003,0.110,0.286,2.495,0.969,1505,1519,1787,1450,97.062,-1.693,38.358,1,81,0,-0.009,0.097,-0.005,0.083,-0.017,-0.020,-0.006
62.880413000,10.743931000,10.979980,43,124.285362,2911,0.0037,0.303,2.515,0.974,0.005,0.008,-0.019,-0.184,0.170,-0.352,0.118,-0.011,0.096,0.286,2.495,0.969,1505,1519,1788,1450,97.045,-1.713,38.351,1,81,0,-0.009,0.097,-0.005,0.083,-0.017,-0.020,-0.005
62.888162000,10.751680000,10.990112,43,72.934143,2912,-0.0024,0.303,2.515,0.974,0.004,0.009,-0.020,-0.182,0.169,-0.352,0.130,-0.025,0.078,0.286,2.495,0.969,1505,1519,1788,1450,97.027,-1.733,38.345,1,81,0,-0.009,0.097,-0.004,0.084,-0.017,-0.020,-0.005
62.898492000,10.762010000,10.999878,43,129.165588,2913,0.0006,0.303,2.515,0.974,0.003,0.009,-0.019,-0.181,0.169,-0.352,0.127,-0.027,0.055,0.286,2.495,0.969,1505,1520,1788,1450,97.010,-1.753,38.338,1,81,0,-0.009,0.097,-0.003,0.086,-0.017,-0.020,-0.005
62.912098000,10.775616000,11.010132,43,96.861679,2914,0.0033,0.303,2.516,0.974,0.001,0.008,-0.019,-0.179,0.169,-0.352,0.130,-0.027,0.054,0.286,2.495,0.969,1505,1521,1788,1450,96.992,-1.773,38.332,1,81,0,-0.009,0.097,-0.001,0.088,-0.017,-0.020,-0.005
62.915775000,10.779293000,11.019897,43,73.540230,2915,-0.0061,0.303,2.516,0.974,-0.003,0.009,-0.018,-0.178,0.169,-0.350,0.139,-0.012,0.080,0.286,2.495,0.969,1505,1523,1788,1450,96.975,-1.793,38.327,1,81,0,-0.009,0.097,0.003,0.092,-0.017,-0.020,-0.005
62.925123000,10.788641000,11.030029,43,272.405334,2916,-0.0008,0.303,2.516,0.973,-0.004,0.009,-0.021,-0.174,0.169,-0.348,0.186,0.004,0.109,0.286,2.495,0.969,1505,1523,1789,1450,96.958,-1.813,38.321,1,81,0,-0.009,0.097,0.004,0.092,-0.017,-0.020,-0.004
62.938506000,10.802024000,11.040161,43,107.077843,2917,0.0032,0.303,2.516,0.973,-0.005,0.009,-0.022,-0.171,0.169,-0.346,0.230,-0.011,0.144,0.286,2.495,0.969,1505,1524,1790,1451,96.941,-1.834,38.316,1,81,0,-0.009,0.097,0.005,0.094,-0.017,-0.020,-0.004
62.944455000,10.807973000,11.049927,43,74.766357,2918,-0.0038,0.303,2.516,0.973,-0.006,0.010,-0.023,-0.168,0.169,-0.343,0.241,0.003,0.169,0.286,2.495,0.969,1505,1525,1791,1451,96.924,-1.854,38.311,1,81,0,-0.009,0.097,0.006,0.095,-0.017,-0.020,-0.004
62.955469000,10.818987000,11.060059,43,168.321838,2919,0.0009,0.303,2.516,0.973,-0.007,0.012,-0.023,-0.165,0.169,-0.342,0.261,-0.011,0.155,0.286,2.495,0.969,1506,1525,1791,1451,96.907,-1.875,38.307,1,81,0,-0.008,0.097,0.007,0.095,-0.017,-0.021,-0.004
62.965238000,10.828756000,11.070068,43,90.859528,2920,-0.0002,0.302,2.516,0.972,-0.007,0.015,-0.023,-0.162,0.168,-0.342,0.269,-0.016,0.126,0.286,2.495,0.969,1506,1525,1792,1451,96.890,-1.896,38.302,1,81,0,-0.008,0.097,0.007,0.096,-0.017,-0.021,-0.003
62.982286000,10.845804000,11.079956,43,102.448517,2921,0.0072,0.302,2.517,0.972,-0.009,0.016,-0.023,-0.159,0.168,-0.341,0.284,-0.025,0.113,0.286,2.495,0.969,1507,1526,1792,1451,96.873,-1.917,38.299,1,81,0,-0.008,0.097,0.009,0.097,-0.017,-0.021,-0.003
63.007766000,10.871284000,11.089844,43,58.685448,2922,0.0156,0.302,2.517,0.972,-0.009,0.016,-0.023,-0.156,0.168,-0.341,0.291,-0.025,0.080,0.286,2.495,0.969,1507,1526,1792,1451,96.857,-1.938,38.295,1,81,0,-0.008,0.097,0.009,0.097,-0.017,-0.021,-0.003
63.014995000,10.878513000,11.099854,43,39.257252,2923,-0.0028,0.302,2.517,0.972,-0.009,0.016,-0.022,-0.153,0.168,-0.341,0.288,-0.021,0.066,0.286,2.495,0.969,1507,1526,1792,1451,96.840,-1.960,38.291,1,81,0,-0.008,0.097,0.009,0.098,-0.017,-0.021,-0.003
63.015498000,10.879016000,11.109009,43,138.446625,2924,-0.0087,0.302,2.517,0.972,-0.009,0.015,-0.023,-0.150,0.169,-0.340,0.300,0.010,0.075,0.286,2.495,0.969,1507,1526,1792,1452,96.824,-1.981,38.288,1,81,0,-0.008,0.097,0.009,0.098,-0.016,-0.022,-0.003
63.015733000,10.879251000,11.120117,43,2012.072388,2925,-0.0109,0.302,2.517,0.971,-0.008,0.014,-0.022,-0.147,0.170,-0.339,0.295,0.038,0.081,0.286,2.495,0.969,1506,1526,1792,1452,96.807,-2.003,38.285,1,81,0,-0.008,0.097,0.008,0.097,-0.016,-0.022,-0.002
63.023365000,10.886883000,11.128540,43,4310.344727,2926,-0.0008,0.302,2.517,0.971,-0.015,0.007,-0.017,-0.146,0.171,-0.335,0.228,0.048,0.175,0.286,2.495,0.969,1505,1529,1791,1452,96.791,-2.024,38.283,1,81,0,-0.008,0.097,0.015,0.104,-0.016,-0.022,-0.002
63.034395000,10.897913000,11.140015,43,131.078781,2927,-0.0005,0.301,2.517,0.971,-0.016,0.004,-0.014,-0.144,0.171,-0.331,0.215,0.035,0.214,0.286,2.495,0.969,1504,1530,1790,1453,96.775,-2.046,38.280,1,81,0,-0.008,0.097,0.016,0.105,-0.016,-0.021,-0.002
63.044557000,10.908075000,11.149902,43,90.727638,2928,0.0003,0.301,2.517,0.971,-0.016,0.003,-0.010,-0.144,0.170,-0.329,0.179,0.019,0.215,0.286,2.495,0.969,1504,1530,1788,1453,96.759,-2.067,38.277,1,81,0,-0.008,0.097,0.016,0.105,-0.016,-0.021,-0.002
63.054693000,10.918211000,11.160156,43,98.473656,2929,-0.0001,0.301,2.517,0.971,-0.013,0.008,-0.006,-0.144,0.169,-0.328,0.125,-0.013,0.175,0.286,2.495,0.969,1505,1528,1787,1453,96.744,-2.089,38.274,1,81,0,-0.008,0.097,0.013,0.102,-0.016,-0.022,-0.002
63.066125000,10.929643000,11.170044,43,98.736176,2930,0.0015,0.301,2.517,0.971,-0.011,0.007,-0.002,-0.144,0.168,-0.328,0.095,-0.030,0.147,0.286,2.495,0.969,1505,1527,1785,1453,96.728,-2.111,38.271,1,81,0,-0.008,0.097,0.011,0.100,-0.016,-0.022,-0.002
63.087291000,10.950809000,11.179932,43,87.535011,2931,0.0113,0.301,2.517,0.972,-0.009,0.007,0.001,-0.144,0.167,-0.327,0.081,-0.057,0.135,0.286,2.495,0.969,1505,1526,1784,1453,96.713,-2.132,38.268,1,81,0,-0.008,0.097,0.009,0.098,-0.016,-0.022,-0.003
63.090500000,10.954018000,11.189941,43,47.263447,2932,-0.0068,0.301,2.517,0.972,-0.008,0.006,0.004,-0.143,0.166,-0.325,0.070,-0.066,0.140,0.286,2.495,0.969,1505,1526,1783,1454,96.697,-2.154,38.265,1,81,0,-0.008,0.097,0.008,0.096,-0.016,-0.022,-0.003
63.096273000,10.959791000,11.199951,43,312.402374,2933,-0.0042,0.301,2.517,0.972,-0.005,0.006,0.007,-0.143,0.165,-0.324,0.056,-0.085,0.146,0.286,2.495,0.969,1505,1524,1782,1454,96.681,-2.176,38.261,1,81,0,-0.008,0.097,0.005,0.094,-0.016,-0.022,-0.003
63.105282000,10.968800000,11.210083,43,173.400375,2934,-0.0011,0.301,2.517,0.972,-0.003,0.004,0.009,-0.143,0.163,-0.323,0.036,-0.104,0.135,0.286,2.495,0.969,1505,1523,1781,1454,96.666,-2.198,38.257,1,81,0,-0.008,0.097,0.003,0.091,-0.016,-0.022,-0.003
63.114797000,10.978315000,11.219727,43,111.098770,2935,-0.0001,0.301,2.517,0.972,-0.000,0.004,0.010,-0.143,0.162,-0.321,0.033,-0.101,0.135,0.286,2.495,0.969,1505,1522,1780,1454,96.650,-2.220,38.254,1,81,0,-0.008,0.097,0.000,0.089,-0.016,-0.022,-0.003
63.127640000,10.991158000,11.229980,43,105.185654,2936,0.0026,0.301,2.517,0.972,0.002,0.005,0.011,-0.143,0.161,-0.321,0.015,-0.097,0.115,0.286,2.495,0.969,1505,1521,1780,1454,96.634,-2.242,38.250,1,81,0,-0.008,0.097,-0.002,0.087,-0.016,-0.022,-0.003
63.134544000,10.998062000,11.240234,43,77.899818,2937,-0.0034,0.302,2.517,0.972,0.005,0.004,0.012,-0.145,0.160,-0.321,-0.015,-0.091,0.086,0.286,2.495,0.969,1505,1519,1779,1454,96.618,-2.264,38.245,1,81,0,-0.008,0.097,-0.005,0.084,-0.016,-0.022,-0.003
63.144475000,11.007993000,11.250122,43,145.011597,2938,0.0000,0.302,2.518,0.973,0.008,0.005,0.013,-0.144,0.159,-0.321,-0.007,-0.105,0.056,0.286,2.495,0.969,1505,1518,1779,1454,96.602,-2.286,38.241,1,81,0,-0.008,0.097,-0.008,0.080,-0.016,-0.022,-0.004
63.157553000,11.021071000,11.259888,43,100.775978,2939,0.0033,0.302,2.518,0.973,0.010,0.005,0.013,-0.143,0.158,-0.321,0.030,-0.105,0.037,0.286,2.495,0.969,1505,1517,1779,1454,96.586,-2.308,38.236,1,81,0,-0.008,0.097,-0.010,0.078,-0.016,-0.022,-0.004
63.168450000,11.031968000,11.270020,43,76.511093,2940,0.0008,0.302,2.518,0.973,0.012,0.005,0.012,-0.141,0.157,-0.321,0.064,-0.105,0.025,0.286,2.495,0.969,1505,1516,1779,1454,96.570,-2.330,38.232,1,81,0,-0.008,0.097,-0.012,0.076,-0.016,-0.022,-0.004
63.185486000,11.049004000,11.280029,43,91.810501,2941,0.0070,0.302,2.518,0.973,0.013,0.004,0.011,-0.141,0.157,-0.321,0.052,-0.076,0.021,0.286,2.495,0.969,1505,1515,1779,1454,96.553,-2.352,38.227,1,81,0,-0.008,0.097,-0.013,0.075,-0.017,-0.022,-0.004
63.185849000,11.049367000,11.290161,43,58.726803,2942,-0.0098,0.302,2.518,0.973,0.015,0.004,0.010,-0.141,0.157,-0.321,0.038,-0.050,0.035,0.286,2.495,0.969,1505,1514,1779,1454,96.536,-2.375,38.222,1,81,0,-0.008,0.097,-0.015,0.073,-0.017,-0.022,-0.004
63.194050000,11.057568000,11.298950,43,2816.901367,2943,-0.0006,0.303,2.518,0.973,0.017,0.004,0.010,-0.141,0.158,-0.320,0.027,-0.022,0.048,0.286,2.495,0.969,1505,1513,1779,1454,96.519,-2.397,38.217,1,81,0,-0.009,0.097,-0.017,0.071,-0.017,-0.022,-0.004
63.209450000,11.072968000,11.310059,43,121.980972,2944,0.0043,0.303,2.518,0.973,0.017,0.001,0.008,-0.139,0.157,-0.319,0.068,-0.037,0.065,0.286,2.495,0.969,1504,1513,1780,1455,96.502,-2.419,38.212,1,81,0,-0.009,0.097,-0.017,0.070,-0.017,-0.022,-0.004
63.217645000,11.081163000,11.319824,43,64.964592,2945,-0.0016,0.303,2.518,0.973,0.020,0.002,0.007,-0.137,0.157,-0.318,0.097,-0.039,0.061,0.286,2.495,0.969,1504,1511,1780,1455,96.484,-2.441,38.207,1,81,0,-0.009,0.096,-0.020,0.068,-0.017,-0.022,-0.004
63.224477000,11.087995000,11.329956,43,122.100121,2946,-0.0033,0.303,2.518,0.973,0.022,0.002,0.007,-0.138,0.158,-0.318,0.062,-0.003,0.051,0.286,2.495,0.969,1504,1511,1780,1455,96.467,-2.464,38.202,1,81,0,-0.009,0.096,-0.022,0.066,-0.018,-0.022,-0.004
63.237727000,11.101245000,11.339966,43,146.477219,2947,0.0032,0.304,2.518,0.973,0.022,0.003,0.007,-0.138,0.157,-0.318,0.037,-0.007,0.040,0.286,2.495,0.969,1505,1510,1780,1455,96.449,-2.486,38.197,1,81,0,-0.009,0.096,-0.022,0.065,-0.018,-0.022,-0.004
63.245524000,11.109042000,11.348511,43,75.517296,2948,-0.0008,0.304,2.518,0.973,0.023,0.010,0.008,-0.140,0.157,-0.318,-0.028,-0.014,0.032,0.286,2.495,0.969,1506,1510,1780,1455,96.430,-2.509,38.191,1,81,0,-0.009,0.096,-0.023,0.064,-0.018,-0.023,-0.004
63.258243000,11.121761000,11.359985,43,128.369705,2949,0.0012,0.304,2.518,0.973,0.021,0.010,0.008,-0.140,0.156,-0.317,-0.016,-0.032,0.028,0.286,2.495,0.969,1506,1511,1780,1455,96.412,-2.531,38.186,1,81,0,-0.009,0.096,-0.021,0.066,-0.018,-0.023,-0.004
63.272904000,11.136422000,11.369873,43,78.672020,2950,0.0048,0.304,2.518,0.973,0.020,0.009,0.007,-0.140,0.156,-0.317,-0.013,-0.038,0.021,0.286,2.495,0.969,1506,1511,1780,1455,96.393,-2.554,38.180,1,81,0,-0.009,0.096,-0.020,0.067,-0.019,-0.023,-0.004
63.287619000,11.151137000,11.380127,43,68.245407,2951,0.0045,0.304,2.518,0.974,0.020,0.008,0.008,-0.140,0.154,-0.317,-0.012,-0.057,0.016,0.286,2.495,0.969,1506,1511,1779,1455,96.375,-2.577,38.175,1,81,0,-0.009,0.096,-0.020,0.067,-0.019,-0.023,-0.005
63.291356000,11.154874000,11.390259,43,67.985588,2952,-0.0064,0.305,2.518,0.974,0.020,0.008,0.008,-0.139,0.154,-0.317,0.019,-0.050,0.028,0.286,2.495,0.969,1506,1511,1779,1455,96.356,-2.600,38.169,1,81,0,-0.009,0.096,-0.020,0.067,-0.019,-0.023,-0.005
63.294555000,11.158073000,11.400024,43,268.168396,2953,-0.0066,0.305,2.518,0.974,0.019,0.008,0.006,-0.138,0.155,-0.316,0.041,-0.016,0.035,0.286,2.495,0.969,1506,1512,1780,1455,96.337,-2.623,38.163,1,81,0,-0.010,0.096,-0.019,0.067,-0.019,-0.023,-0.005
63.304857000,11.168375000,11.410034,43,313.087036,2954,0.0003,0.305,2.518,0.974,0.021,0.007,0.005,-0.136,0.154,-0.316,0.087,-0.040,0.026,0.286,2.495,0.969,1505,1511,1780,1455,96.317,-2.646,38.157,1,81,0,-0.010,0.096,-0.021,0.066,-0.019,-0.023,-0.005
63.315972000,11.179490000,11.418945,43,97.153404,2955,0.0022,0.305,2.519,0.974,0.022,0.009,0.003,-0.132,0.153,-0.316,0.162,-0.063,0.032,0.286,2.495,0.969,1506,1510,1781,1455,96.298,-2.669,38.152,1,81,0,-0.010,0.096,-0.022,0.065,-0.020,-0.023,-0.005
63.325940000,11.189458000,11.429688,43,90.025208,2956,-0.0008,0.306,2.519,0.974,0.030,0.016,0.000,-0.127,0.152,-0.321,0.233,-0.061,-0.087,0.286,2.495,0.969,1507,1506,1782,1454,96.277,-2.693,38.146,1,81,0,-0.010,0.096,-0.030,0.056,-0.020,-0.024,-0.005
63.339144000,11.202662000,11.440063,43,100.411690,2957,0.0028,0.306,2.519,0.974,0.030,0.016,0.001,-0.124,0.152,-0.322,0.259,-0.056,-0.107,0.286,2.495,0.969,1507,1506,1782,1454,96.257,-2.716,38.140,1,81,0,-0.010,0.096,-0.030,0.056,-0.021,-0.024,-0.005
63.346631000,11.210149000,11.450195,43,75.780540,2958,-0.0027,0.306,2.519,0.974,0.020,0.013,0.006,-0.126,0.153,-0.321,0.130,-0.001,-0.036,0.286,2.495,0.969,1507,1511,1780,1454,96.236,-2.740,38.134,1,81,0,-0.010,0.096,-0.020,0.066,-0.020,-0.024,-0.005
63.357356000,11.220874000,11.459961,43,133.689835,2959,0.0010,0.306,2.519,0.974,0.022,0.008,0.003,-0.122,0.153,-0.321,0.216,-0.016,-0.048,0.286,2.495,0.969,1506,1510,1781,1454,96.216,-2.764,38.128,1,81,0,-0.010,0.096,-0.022,0.063,-0.021,-0.024,-0.005
63.364883000,11.228401000,11.469971,43,93.309692,2960,-0.0025,0.307,2.520,0.974,0.031,0.018,-0.002,-0.116,0.151,-0.324,0.306,-0.058,-0.103,0.286,2.495,0.969,1508,1505,1783,1454,96.194,-2.788,38.123,1,81,0,-0.011,0.096,-0.031,0.054,-0.021,-0.024,-0.005
63.374497000,11.238015000,11.480103,43,132.961044,2961,-0.0005,0.307,2.520,0.974,0.031,0.017,-0.002,-0.112,0.151,-0.325,0.319,-0.052,-0.098,0.286,2.495,0.969,1508,1505,1783,1453,96.173,-2.812,38.117,1,81,0,-0.011,0.096,-0.031,0.054,-0.022,-0.024,-0.005
63.392228000,11.255746000,11.490112,43,104.090767,2962,0.0077,0.308,2.520,0.974,0.032,0.018,-0.002,-0.108,0.151,-0.324,0.337,-0.037,-0.056,0.286,2.495,0.969,1508,1505,1783,1454,96.151,-2.837,38.111,1,81,0,-0.011,0.096,-0.032,0.054,-0.022,-0.025,-0.004
63.396284000,11.259802000,11.499878,43,56.427040,2963,-0.0057,0.308,2.520,0.974,0.032,0.019,-0.003,-0.105,0.151,-0.323,0.340,-0.022,-0.023,0.286,2.495,0.969,1508,1505,1783,1454,96.129,-2.862,38.106,1,81,0,-0.011,0.096,-0.032,0.053,-0.022,-0.025,-0.004
63.406665000,11.270183000,11.510010,43,246.974564,2964,0.0002,0.308,2.520,0.973,0.032,0.020,-0.004,-0.102,0.151,-0.323,0.330,-0.008,-0.004,0.286,2.495,0.969,1508,1505,1784,1454,96.106,-2.887,38.100,1,81,0,-0.011,0.096,-0.032,0.053,-0.023,-0.025,-0.004
63.418612000,11.282130000,11.520020,43,96.404129,2965,0.0019,0.309,2.521,0.973,0.032,0.020,-0.006,-0.099,0.152,-0.323,0.327,0.016,0.002,0.286,2.495,0.969,1508,1505,1785,1454,96.083,-2.912,38.095,1,81,0,-0.011,0.096,-0.032,0.053,-0.023,-0.025,-0.004
63.430253000,11.293771000,11.530029,43,83.759109,2966,0.0016,0.309,2.521,0.973,0.032,0.020,-0.007,-0.097,0.153,-0.323,0.287,0.029,-0.012,0.286,2.495,0.969,1508,1505,1785,1454,96.060,-2.937,38.090,1,81,0,-0.012,0.096,-0.032,0.052,-0.023,-0.025,-0.004
63.438117000,11.301635000,11.540161,43,85.940186,2967,-0.0023,0.309,2.521,0.973,0.031,0.020,-0.008,-0.095,0.153,-0.324,0.278,0.027,-0.022,0.286,2.495,0.969,1508,1505,1785,1454,96.036,-2.963,38.085,1,81,0,-0.012,0.096,-0.031,0.053,-0.024,-0.026,-0.004
63.455532000,11.319050000,11.549438,43,127.258842,2968,0.0081,0.310,2.521,0.973,0.034,0.023,-0.007,-0.091,0.153,-0.324,0.303,0.026,-0.031,0.286,2.495,0.969,1509,1504,1785,1454,96.012,-2.989,38.080,1,81,0,-0.012,0.096,-0.034,0.050,-0.024,-0.026,-0.004
63.460904000,11.324422000,11.559814,43,57.441555,2969,-0.0050,0.310,2.521,0.973,0.035,0.021,-0.008,-0.086,0.152,-0.325,0.354,-0.002,-0.034,0.286,2.495,0.969,1509,1503,1786,1454,95.988,-3.015,38.075,1,81,0,-0.012,0.096,-0.035,0.049,-0.024,-0.026,-0.004
63.465415000,11.328933000,11.570312,43,186.428040,2970,-0.0060,0.310,2.522,0.973,0.036,0.021,-0.011,-0.082,0.152,-0.323,0.367,0.001,0.007,0.286,2.495,0.969,1509,1502,1787,1454,95.963,-3.041,38.071,1,81,0,-0.012,0.096,-0.036,0.047,-0.025,-0.026,-0.004
63.475690000,11.339208000,11.579956,43,221.975586,2971,0.0006,0.311,2.522,0.973,0.038,0.020,-0.013,-0.079,0.154,-0.322,0.334,0.038,0.034,0.286,2.495,0.969,1509,1501,1788,1454,95.938,-3.067,38.066,1,81,0,-0.013,0.096,-0.038,0.046,-0.025,-0.026,-0.003
63.491931000,11.355449000,11.589722,43,97.399437,2972,0.0065,0.311,2.522,0.972,0.038,0.019,-0.014,-0.079,0.156,-0.322,0.254,0.074,0.044,0.286,2.495,0.969,1508,1501,1789,1454,95.913,-3.094,38.062,1,81,0,-0.013,0.096,-0.038,0.045,-0.026,-0.027,-0.003
63.503203000,11.366721000,11.599609,43,61.602909,2973,0.0014,0.312,2.522,0.972,0.039,0.019,-0.014,-0.080,0.157,-0.322,0.173,0.085,0.032,0.286,2.495,0.969,1509,1501,1789,1454,95.887,-3.121,38.058,1,81,0,-0.013,0.096,-0.039,0.044,-0.026,-0.027,-0.003
63.507675000,11.371193000,11.609863,43,88.770531,2974,-0.0058,0.312,2.522,0.972,0.039,0.020,-0.014,-0.080,0.158,-0.322,0.124,0.093,0.024,0.286,2.495,0.969,1509,1500,1789,1454,95.861,-3.148,38.054,1,81,0,-0.013,0.096,-0.039,0.043,-0.026,-0.027,-0.003
63.515489000,11.379007000,11.619995,43,223.914017,2975,-0.0023,0.312,2.523,0.972,0.040,0.021,-0.013,-0.080,0.157,-0.321,0.103,0.056,0.032,0.286,2.495,0.969,1509,1500,1789,1454,95.834,-3.175,38.051,1,81,0,-0.013,0.096,-0.040,0.043,-0.027,-0.027,-0.003
63.524491000,11.388009000,11.630005,43,128.106583,2976,-0.0010,0.313,2.523,0.972,0.040,0.021,-0.011,-0.081,0.157,-0.321,0.035,0.043,0.013,0.286,2.495,0.969,1509,1500,1788,1454,95.807,-3.203,38.047,1,81,0,-0.014,0.096,-0.040,0.043,-0.027,-0.027,-0.003
63.534786000,11.398304000,11.640015,43,111.185234,2977,0.0003,0.313,2.523,0.972,0.042,0.018,-0.011,-0.080,0.157,-0.321,0.070,0.015,0.012,0.286,2.495,0.969,1508,1499,1788,1454,95.779,-3.230,38.044,1,81,0,-0.014,0.096,-0.042,0.040,-0.028,-0.028,-0.003
63.545805000,11.409323000,11.650024,43,97.181732,2978,0.0010,0.314,2.523,0.972,0.042,0.017,-0.010,-0.079,0.157,-0.321,0.069,0.013,0.015,0.286,2.495,0.969,1508,1499,1788,1454,95.751,-3.258,38.040,1,81,0,-0.014,0.096,-0.042,0.040,-0.028,-0.028,-0.003
63.555335000,11.418853000,11.659912,43,90.826523,2979,-0.0004,0.314,2.523,0.972,0.042,0.015,-0.009,-0.079,0.157,-0.321,0.063,0.010,0.002,0.286,2.495,0.969,1508,1499,1787,1454,95.722,-3.286,38.037,1,81,0,-0.014,0.096,-0.042,0.040,-0.028,-0.028,-0.003
63.567926000,11.431444000,11.669800,43,105.019951,2980,0.0027,0.314,2.523,0.972,0.041,0.015,-0.009,-0.079,0.157,-0.322,0.045,0.008,-0.007,0.286,2.495,0.969,1508,1499,1787,1454,95.694,-3.313,38.034,1,81,0,-0.014,0.096,-0.041,0.040,-0.029,-0.028,-0.003
63.575672000,11.439190000,11.678833,43,79.478622,2981,-0.0013,0.315,2.523,0.972,0.042,0.015,-0.009,-0.078,0.157,-0.323,0.043,0.001,-0.025,0.286,2.495,0.969,1508,1499,1788,1454,95.664,-3.342,38.031,1,81,0,-0.015,0.096,-0.042,0.039,-0.029,-0.028,-0.002
63.595991000,11.459509000,11.689575,43,129.182281,2982,0.0096,0.315,2.524,0.971,0.041,0.013,-0.008,-0.078,0.157,-0.323,0.037,0.003,-0.027,0.286,2.495,0.969,1508,1499,1787,1454,95.635,-3.370,38.027,1,81,0,-0.015,0.096,-0.041,0.040,-0.030,-0.028,-0.002
63.608669000,11.472187000,11.699951,43,49.234406,2983,0.0023,0.316,2.524,0.971,0.043,0.012,-0.007,-0.078,0.156,-0.324,0.040,-0.016,-0.056,0.286,2.495,0.969,1507,1498,1787,1454,95.605,-3.398,38.025,1,81,0,-0.015,0.096,-0.043,0.038,-0.030,-0.028,-0.002
63.609021000,11.472539000,11.710083,43,78.926598,2984,-0.0098,0.316,2.524,0.971,0.045,0.012,-0.006,-0.077,0.156,-0.325,0.046,-0.021,-0.052,0.286,2.495,0.969,1507,1497,1787,1453,95.574,-3.426,38.022,1,81,0,-0.015,0.096,-0.045,0.035,-0.031,-0.028,-0.002
63.616072000,11.479590000,11.719727,43,2881.844482,2985,-0.0026,0.317,2.524,0.971,0.049,0.013,-0.006,-0.076,0.155,-0.326,0.059,-0.043,-0.070,0.286,2.495,0.969,1508,1495,1787,1453,95.543,-3.455,38.019,1,81,0,-0.016,0.096,-0.049,0.031,-0.031,-0.028,-0.002
63.638531000,11.502049000,11.719727,0,141.884216,0,0,0.317,2.524,0.971,0.049,0.013,-0.006,-0.076,0.155,-0.326,0.059,-0.043,-0.070,0.000,0.000,0.000,1508,1495,1787,1453,0.000,0.000,0.000,0,81,2,-0.016,0.096,-0.049,0.031,-0.031,-0.028,-0.002
63.664269000,11.527787000,11.728027,43,141.884216,2986,0.0399,0.317,2.524,0.971,0.055,0.013,-0.007,-0.075,0.154,-0.327,0.069,-0.060,-0.082,0.286,2.495,0.969,1508,1492,1787,1453,95.511,-3.483,38.016,1,81,0,-0.016,0.096,-0.055,0.024,-0.032,-0.029,-0.002
63.671840000,11.535358000,11.739990,43,20.751623,2987,-0.0044,0.318,2.524,0.971,0.055,0.012,-0.008,-0.077,0.154,-0.329,0.021,-0.034,-0.102,0.286,2.495,0.969,1508,1492,1788,1453,95.478,-3.512,38.013,1,81,0,-0.016,0.095,-0.055,0.025,-0.033,-0.029,-0.002
63.672468000,11.535986000,11.750000,43,132.187714,2988,-0.0094,0.319,2.524,0.971,0.058,0.014,-0.008,-0.077,0.155,-0.330,0.008,-0.008,-0.108,0.286,2.495,0.969,1508,1490,1788,1453,95.445,-3.541,38.011,1,81,0,-0.017,0.095,-0.058,0.021,-0.033,-0.029,-0.002
63.684192000,11.547710000,11.760254,43,1605.136475,2989,0.0015,0.320,2.525,0.971,0.062,0.014,-0.010,-0.078,0.156,-0.332,-0.015,0.009,-0.126,0.286,2.495,0.969,1508,1488,1789,1452,95.411,-3.570,38.009,1,81,0,-0.017,0.095,-0.062,0.016,-0.034,-0.029,-0.002
63.695990000,11.559508000,11.770020,43,85.324234,2990,0.0020,0.320,2.525,0.971,0.066,0.015,-0.010,-0.080,0.157,-0.334,-0.071,0.039,-0.134,0.286,2.495,0.969,1508,1486,1789,1452,95.376,-3.599,38.006,1,81,0,-0.017,0.095,-0.066,0.012,-0.035,-0.029,-0.002
63.696339000,11.559857000,11.780029,43,84.824837,2991,-0.0097,0.321,2.525,0.971,0.071,0.013,-0.010,-0.083,0.158,-0.336,-0.114,0.062,-0.166,0.286,2.495,0.969,1508,1483,1789,1452,95.341,-3.629,38.004,1,81,0,-0.018,0.095,-0.071,0.006,-0.036,-0.029,-0.002
63.696551000,11.560069000,11.790283,43,2906.976807,2992,-0.0100,0.322,2.525,0.971,0.077,0.013,-0.010,-0.085,0.159,-0.338,-0.137,0.058,-0.170,0.286,2.495,0.969,1508,1480,1789,1451,95.304,-3.658,38.002,1,81,0,-0.018,0.095,-0.077,-0.000,-0.037,-0.029,-0.002
63.700665000,11.564183000,11.800171,43,4784.688965,2993,-0.0058,0.323,2.525,0.971,0.082,0.012,-0.009,-0.086,0.159,-0.341,-0.146,0.063,-0.210,0.286,2.495,0.969,1508,1478,1789,1451,95.267,-3.688,38.001,1,81,0,-0.019,0.095,-0.082,-0.006,-0.038,-0.030,-0.001
63.711589000,11.575107000,11.810059,43,243.249817,2994,0.0010,0.324,2.525,0.970,0.087,0.013,-0.008,-0.086,0.160,-0.343,-0.104,0.070,-0.205,0.286,2.495,0.969,1508,1475,1788,1451,95.228,-3.717,37.999,1,81,0,-0.019,0.095,-0.087,-0.011,-0.039,-0.030,-0.001
63.724740000,11.588258000,11.820068,43,91.591866,2995,0.0031,0.325,2.525,0.970,0.091,0.013,-0.010,-0.086,0.162,-0.347,-0.085,0.095,-0.260,0.286,2.495,0.969,1508,1473,1788,1450,95.188,-3.747,37.997,1,81,0,-0.020,0.095,-0.091,-0.016,-0.040,-0.030,-0.001
63.725635000,11.589153000,11.830200,43,76.086128,2996,-0.0092,0.326,2.525,0.970,0.097,0.010,-0.008,-0.085,0.162,-0.353,-0.031,0.069,-0.331,0.286,2.495,0.969,1507,1470,1788,1449,95.148,-3.777,37.996,1,81,0,-0.020,0.095,-0.097,-0.022,-0.041,-0.030,-0.001
63.736803000,11.600321000,11.839966,43,1128.668213,2997,0.0014,0.328,2.525,0.970,0.103,0.006,-0.006,-0.084,0.163,-0.359,-0.005,0.069,-0.401,0.286,2.495,0.969,1507,1466,1787,1448,95.106,-3.807,37.994,1,81,0,-0.021,0.095,-0.103,-0.029,-0.042,-0.030,-0.001
63.746366000,11.609884000,11.849976,43,89.573631,2998,-0.0005,0.329,2.525,0.970,0.108,0.006,-0.004,-0.083,0.163,-0.363,0.035,0.069,-0.403,0.286,2.495,0.969,1507,1464,1787,1448,95.063,-3.837,37.993,1,81,0,-0.022,0.095,-0.108,-0.034,-0.043,-0.030,-0.001
63.756539000,11.620057000,11.859985,43,104.657249,2999,0.0002,0.330,2.525,0.970,0.112,0.007,-0.004,-0.082,0.165,-0.365,0.058,0.106,-0.363,0.286,2.495,0.969,1507,1462,1786,1447,95.018,-3.866,37.991,1,81,0,-0.022,0.095,-0.112,-0.039,-0.044,-0.030,-0.001
63.767439000,11.630957000,11.869873,43,98.347755,3000,0.0010,0.331,2.525,0.970,0.119,0.005,-0.004,-0.076,0.165,-0.366,0.185,0.069,-0.292,0.286,2.495,0.969,1506,1458,1786,1447,94.973,-3.896,37.990,1,81,0,-0.023,0.095,-0.119,-0.047,-0.046,-0.030,-0.001
63.776621000,11.640139000,11.880005,43,91.810501,3001,-0.0010,0.333,2.525,0.970,0.122,0.001,-0.002,-0.074,0.165,-0.368,0.190,0.044,-0.270,0.286,2.495,0.969,1506,1456,1786,1447,94.925,-3.926,37.988,1,81,0,-0.024,0.095,-0.122,-0.051,-0.047,-0.030,-0.001
63.784353000,11.647871000,11.890015,43,108.979950,3002,-0.0023,0.334,2.525,0.970,0.131,0.000,-0.001,-0.073,0.165,-0.372,0.174,0.050,-0.298,0.286,2.495,0.969,1506,1452,1785,1446,94.877,-3.956,37.987,1,81,0,-0.024,0.095,-0.131,-0.060,-0.049,-0.030,-0.001
63.801073000,11.664591000,11.900024,43,129.449844,3003,0.0067,0.336,2.525,0.970,0.134,0.002,0.003,-0.076,0.166,-0.375,0.053,0.051,-0.297,0.286,2.495,0.969,1506,1450,1784,1446,94.827,-3.986,37.985,1,81,0,-0.025,0.095,-0.134,-0.064,-0.050,-0.030,-0.001
63.811141000,11.674659000,11.909912,43,59.833664,3004,0.0002,0.337,2.525,0.971,0.140,0.004,0.005,-0.078,0.166,-0.380,-0.013,0.038,-0.355,0.286,2.495,0.969,1506,1447,1783,1445,94.775,-4.016,37.983,1,81,0,-0.026,0.095,-0.140,-0.071,-0.052,-0.030,-0.002
63.815460000,11.678978000,11.919922,43,99.393700,3005,-0.0057,0.339,2.525,0.971,0.157,-0.001,0.004,-0.079,0.170,-0.391,-0.051,0.130,-0.540,0.286,2.495,0.969,1505,1438,1783,1443,94.721,-4.046,37.981,1,81,0,-0.027,0.095,-0.157,-0.089,-0.054,-0.030,-0.001
63.827173000,11.690691000,11.929932,43,231.803436,3006,0.0017,0.341,2.525,0.971,0.163,0.005,0.002,-0.079,0.176,-0.399,-0.030,0.248,-0.598,0.286,2.495,0.969,1507,1435,1784,1442,94.666,-4.076,37.979,1,81,0,-0.028,0.095,-0.163,-0.096,-0.056,-0.030,-0.001
63.834549000,11.698067000,11.940186,43,85.418983,3007,-0.0029,0.344,2.526,0.970,0.199,0.024,-0.012,-0.073,0.178,-0.418,0.128,0.244,-0.902,0.286,2.495,0.969,1510,1416,1790,1439,94.607,-4.107,37.978,1,81,0,-0.029,0.095,-0.199,-0.133,-0.059,-0.031,-0.001
63.844519000,11.708037000,11.949951,43,135.703629,3008,0.0002,0.345,2.526,0.971,0.166,0.019,0.007,-0.077,0.172,-0.410,-0.005,0.024,-0.485,0.286,2.495,0.969,1509,1433,1782,1441,94.548,-4.137,37.976,1,81,0,-0.030,0.095,-0.166,-0.101,-0.059,-0.031,-0.002
63.855533000,11.719051000,11.960205,43,100.381447,3009,0.0008,0.347,2.526,0.971,0.177,0.012,0.006,-0.080,0.178,-0.417,-0.071,0.166,-0.539,0.286,2.495,0.969,1508,1427,1782,1440,94.486,-4.168,37.974,1,81,0,-0.031,0.094,-0.177,-0.113,-0.062,-0.031,-0.002
63.864501000,11.728019000,11.969971,43,90.859528,3010,-0.0008,0.349,2.527,0.971,0.177,0.017,0.012,-0.088,0.180,-0.419,-0.262,0.164,-0.449,0.286,2.495,0.969,1509,1427,1780,1440,94.423,-4.199,37.972,1,81,0,-0.032,0.094,-0.177,-0.114,-0.063,-0.031,-0.002
63.886112000,11.749630000,11.979980,43,111.619598,3011,0.0116,0.351,2.527,0.971,0.186,0.020,0.010,-0.082,0.178,-0.424,-0.058,0.080,-0.451,0.286,2.495,0.969,1510,1422,1781,1439,94.358,-4.231,37.970,1,81,0,-0.033,0.094,-0.186,-0.124,-0.065,-0.031,-0.002
63.896520000,11.760038000,11.990112,43,46.289867,3012,0.0003,0.352,2.527,0.972,0.159,0.012,0.025,-0.083,0.176,-0.417,-0.067,0.000,-0.165,0.286,2.495,0.969,1508,1435,1775,1440,94.291,-4.262,37.966,1,81,0,-0.033,0.094,-0.159,-0.098,-0.066,-0.031,-0.003
63.901679000,11.765197000,12.000366,43,96.135361,3013,-0.0051,0.354,2.527,0.972,0.175,0.020,0.017,-0.081,0.179,-0.426,0.013,0.085,-0.354,0.286,2.495,0.969,1510,1427,1778,1439,94.223,-4.294,37.963,1,81,0,-0.034,0.094,-0.175,-0.115,-0.068,-0.032,-0.003
63.905447000,11.768965000,12.010010,43,194.061707,3014,-0.0059,0.356,2.527,0.972,0.178,0.020,0.020,-0.081,0.179,-0.429,-0.010,0.066,-0.337,0.286,2.495,0.969,1510,1425,1776,1438,94.153,-4.326,37.960,1,81,0,-0.035,0.094,-0.178,-0.119,-0.070,-0.032,-0.003
63.914520000,11.778038000,12.020020,43,265.957458,3015,-0.0009,0.358,2.528,0.972,0.177,0.023,0.023,-0.081,0.179,-0.429,-0.007,0.034,-0.270,0.286,2.495,0.969,1510,1426,1775,1438,94.081,-4.358,37.956,1,81,0,-0.036,0.094,-0.177,-0.119,-0.072,-0.032,-0.003
63.930128000,11.793646000,12.030029,43,110.314400,3016,0.0056,0.359,2.528,0.973,0.179,0.024,0.027,-0.081,0.179,-0.432,0.001,0.033,-0.262,0.286,2.495,0.969,1510,1424,1773,1438,94.007,-4.390,37.951,1,81,0,-0.037,0.094,-0.179,-0.122,-0.074,-0.032,-0.004
63.934488000,11.798006000,12.040283,43,64.102562,3017,-0.0059,0.362,2.528,0.973,0.186,0.030,0.028,-0.080,0.178,-0.436,0.020,-0.004,-0.300,0.286,2.495,0.969,1512,1421,1772,1437,93.931,-4.423,37.947,1,81,0,-0.038,0.094,-0.186,-0.130,-0.076,-0.033,-0.004
63.944894000,11.808412000,12.049927,43,229.673859,3018,0.0008,0.363,2.529,0.973,0.183,0.027,0.031,-0.080,0.176,-0.435,0.031,-0.035,-0.190,0.286,2.495,0.969,1511,1422,1771,1438,93.853,-4.457,37.941,1,81,0,-0.039,0.094,-0.183,-0.128,-0.078,-0.033,-0.004
63.955494000,11.819012000,12.060059,43,96.163094,3019,0.0005,0.365,2.529,0.974,0.187,0.030,0.035,-0.079,0.175,-0.436,0.029,-0.053,-0.165,0.286,2.495,0.969,1512,1419,1769,1438,93.774,-4.490,37.935,1,81,0,-0.040,0.094,-0.187,-0.133,-0.080,-0.034,-0.005
63.964543000,11.828061000,12.070068,43,94.410873,3020,-0.0010,0.367,2.529,0.974,0.195,0.030,0.034,-0.077,0.176,-0.440,0.075,-0.030,-0.224,0.286,2.495,0.969,1512,1415,1769,1437,93.692,-4.524,37.929,1,81,0,-0.041,0.094,-0.195,-0.142,-0.082,-0.034,-0.005
63.975415000,11.838933000,12.079834,43,110.619469,3021,0.0011,0.370,2.530,0.974,0.204,0.033,0.034,-0.075,0.174,-0.442,0.111,-0.064,-0.234,0.286,2.495,0.969,1513,1411,1768,1437,93.608,-4.558,37.922,1,81,0,-0.042,0.094,-0.204,-0.152,-0.084,-0.034,-0.005
63.983739000,11.847257000,12.089111,43,92.038658,3022,-0.0010,0.372,2.530,0.975,0.224,0.038,0.034,-0.074,0.174,-0.450,0.128,-0.038,-0.373,0.286,2.495,0.969,1514,1400,1768,1435,93.521,-4.593,37.915,1,81,0,-0.043,0.094,-0.224,-0.173,-0.087,-0.035,-0.006
64.007141000,11.870659000,12.099976,43,120.250122,3023,0.0125,0.375,2.530,0.975,0.220,0.034,0.036,-0.074,0.173,-0.452,0.084,-0.071,-0.340,0.286,2.495,0.969,1513,1402,1767,1435,93.432,-4.628,37.908,1,81,0,-0.044,0.093,-0.220,-0.171,-0.089,-0.035,-0.006
64.017015000,11.880533000,12.109131,43,42.747829,3024,0.0007,0.377,2.531,0.976,0.236,0.036,0.037,-0.074,0.173,-0.458,0.069,-0.055,-0.411,0.286,2.495,0.969,1514,1393,1766,1434,93.341,-4.664,37.900,1,81,0,-0.046,0.093,-0.236,-0.189,-0.092,-0.035,-0.006
64.017366000,11.880884000,12.119385,43,101.347931,3025,-0.0099,0.380,2.531,0.976,0.244,0.041,0.033,-0.075,0.174,-0.467,0.033,-0.018,-0.540,0.286,2.495,0.969,1514,1389,1767,1433,93.246,-4.700,37.891,1,81,0,-0.047,0.093,-0.244,-0.198,-0.094,-0.036,-0.007
64.027317000,11.890835000,12.130005,43,2898.550781,3026,-0.0007,0.382,2.532,0.976,0.243,0.040,0.037,-0.077,0.173,-0.472,-0.029,-0.030,-0.507,0.286,2.495,0.969,1514,1389,1765,1432,93.149,-4.736,37.882,1,81,0,-0.048,0.093,-0.243,-0.199,-0.097,-0.036,-0.007
64.037553000,11.901071000,12.140015,43,100.522720,3027,0.0002,0.385,2.532,0.977,0.250,0.039,0.036,-0.078,0.173,-0.479,-0.057,-0.013,-0.552,0.286,2.495,0.969,1514,1385,1765,1431,93.050,-4.773,37.873,1,81,0,-0.050,0.093,-0.250,-0.207,-0.100,-0.037,-0.008
64.047962000,11.911480000,12.149902,43,97.770828,3028,0.0005,0.388,2.532,0.977,0.256,0.037,0.037,-0.079,0.174,-0.484,-0.059,0.000,-0.556,0.286,2.495,0.969,1514,1382,1764,1430,92.947,-4.810,37.863,1,81,0,-0.051,0.093,-0.256,-0.215,-0.102,-0.037,-0.008
64.056773000,11.920291000,12.157227,43,96.116875,3029,0.0015,0.391,2.533,0.977,0.298,0.043,0.040,-0.078,0.171,-0.494,-0.006,-0.073,-0.744,0.286,2.495,0.969,1515,1361,1763,1429,92.842,-4.847,37.852,1,81,0,-0.053,0.093,-0.298,-0.258,-0.105,-0.037,-0.008
64.064562000,11.928080000,12.170044,43,113.584732,3030,-0.0050,0.394,2.533,0.978,0.273,0.034,0.039,-0.079,0.172,-0.495,-0.019,-0.039,-0.579,0.286,2.495,0.969,1514,1372,1763,1429,92.734,-4.885,37.841,1,81,0,-0.054,0.093,-0.273,-0.235,-0.108,-0.038,-0.009
64.075393000,11.938911000,12.180054,43,128.468658,3031,0.0008,0.396,2.533,0.978,0.278,0.032,0.039,-0.079,0.172,-0.500,-0.022,-0.043,-0.572,0.286,2.495,0.969,1513,1370,1762,1428,92.623,-4.922,37.830,1,81,0,-0.055,0.093,-0.278,-0.241,-0.111,-0.038,-0.009
64.085389000,11.948907000,12.190063,43,92.395821,3032,-0.0000,0.400,2.534,0.979,0.294,0.035,0.041,-0.076,0.170,-0.512,0.050,-0.081,-0.712,0.286,2.495,0.969,1514,1361,1761,1426,92.509,-4.961,37.818,1,81,0,-0.057,0.093,-0.294,-0.259,-0.114,-0.038,-0.010
64.095881000,11.959399000,12.200073,43,100.120148,3033,0.0005,0.402,2.534,0.979,0.283,0.030,0.046,-0.082,0.170,-0.517,-0.117,-0.058,-0.677,0.286,2.495,0.969,1513,1367,1758,1425,92.392,-4.999,37.805,1,81,0,-0.058,0.092,-0.283,-0.249,-0.117,-0.038,-0.010
64.112665000,11.976183000,12.210205,43,95.383438,3034,0.0066,0.405,2.534,0.980,0.287,0.031,0.049,-0.087,0.169,-0.525,-0.209,-0.061,-0.700,0.286,2.495,0.969,1513,1364,1756,1424,92.272,-5.038,37.792,1,81,0,-0.060,0.092,-0.287,-0.254,-0.120,-0.039,-0.011
64.127692000,11.991210000,12.220093,43,59.601860,3035,0.0051,0.408,2.534,0.980,0.288,0.026,0.050,-0.089,0.169,-0.533,-0.204,-0.041,-0.721,0.286,2.495,0.969,1512,1363,1756,1423,92.150,-5.077,37.778,1,81,0,-0.061,0.092,-0.288,-0.257,-0.123,-0.039,-0.011
64.128050000,11.991568000,12.229980,43,66.573463,3036,-0.0095,0.411,2.534,0.981,0.287,0.021,0.053,-0.091,0.167,-0.538,-0.189,-0.101,-0.676,0.286,2.495,0.969,1511,1364,1754,1422,92.024,-5.116,37.763,1,81,0,-0.063,0.092,-0.287,-0.257,-0.126,-0.039,-0.012
64.138159000,12.001677000,12.239868,43,2857.142822,3037,0.0002,0.414,2.534,0.982,0.288,0.017,0.054,-0.090,0.165,-0.543,-0.118,-0.108,-0.624,0.286,2.495,0.969,1511,1362,1753,1422,91.896,-5.155,37.747,1,81,0,-0.064,0.092,-0.288,-0.260,-0.128,-0.039,-0.013
64.145646000,12.009164000,12.249634,43,98.960907,3038,-0.0023,0.417,2.534,0.982,0.291,0.009,0.058,-0.092,0.165,-0.551,-0.139,-0.096,-0.678,0.286,2.495,0.969,1509,1361,1751,1421,91.764,-5.194,37.730,1,81,0,-0.066,0.092,-0.291,-0.265,-0.131,-0.039,-0.013
64.154580000,12.018098000,12.260010,43,133.689835,3039,-0.0014,0.420,2.534,0.983,0.286,0.011,0.059,-0.092,0.163,-0.553,-0.108,-0.114,-0.557,0.286,2.495,0.969,1509,1363,1750,1420,91.630,-5.233,37.713,1,81,0,-0.067,0.092,-0.286,-0.261,-0.134,-0.039,-0.014
64.168128000,12.031646000,12.270020,43,111.994621,3040,0.0035,0.423,2.534,0.984,0.290,0.004,0.061,-0.095,0.161,-0.561,-0.156,-0.144,-0.613,0.286,2.495,0.969,1508,1360,1748,1419,91.493,-5.272,37.695,1,81,0,-0.069,0.091,-0.290,-0.267,-0.137,-0.039,-0.015
64.178516000,12.042034000,12.280029,43,73.855247,3041,0.0004,0.426,2.534,0.984,0.289,0.003,0.064,-0.098,0.159,-0.566,-0.201,-0.155,-0.595,0.286,2.495,0.969,1508,1361,1746,1418,91.353,-5.310,37.676,1,81,0,-0.070,0.091,-0.289,-0.267,-0.140,-0.039,-0.015
64.185474000,12.048992000,12.289795,43,96.339111,3042,-0.0028,0.428,2.534,0.985,0.290,-0.002,0.065,-0.096,0.159,-0.574,-0.104,-0.115,-0.635,0.286,2.495,0.969,1507,1359,1745,1417,91.210,-5.349,37.656,1,81,0,-0.071,0.091,-0.290,-0.270,-0.143,-0.039,-0.016
64.211116000,12.074634000,12.300049,43,143.822815,3043,0.0154,0.431,2.534,0.986,0.290,-0.005,0.067,-0.102,0.157,-0.582,-0.214,-0.118,-0.666,0.286,2.495,0.969,1506,1359,1744,1416,91.064,-5.388,37.635,1,81,0,-0.073,0.091,-0.290,-0.272,-0.146,-0.039,-0.017
64.220118000,12.083636000,12.310059,43,39.012211,3044,-0.0010,0.434,2.534,0.986,0.292,-0.007,0.068,-0.102,0.155,-0.588,-0.163,-0.147,-0.671,0.286,2.495,0.969,1506,1358,1742,1415,90.915,-5.426,37.614,1,81,0,-0.074,0.091,-0.292,-0.276,-0.149,-0.038,-0.017
64.220475000,12.083993000,12.319824,43,111.172874,3045,-0.0094,0.437,2.534,0.987,0.286,-0.008,0.070,-0.101,0.152,-0.592,-0.106,-0.180,-0.593,0.286,2.495,0.969,1506,1360,1741,1415,90.764,-5.464,37.591,1,81,0,-0.076,0.091,-0.286,-0.271,-0.151,-0.038,-0.018
64.224543000,12.088061000,12.330078,43,2849.002930,3046,-0.0062,0.440,2.533,0.988,0.293,-0.015,0.070,-0.101,0.152,-0.601,-0.072,-0.157,-0.668,0.286,2.495,0.969,1504,1356,1740,1413,90.609,-5.502,37.568,1,81,0,-0.077,0.091,-0.293,-0.280,-0.155,-0.038,-0.019
64.234683000,12.098201000,12.340088,43,246.002457,3047,0.0001,0.443,2.533,0.988,0.293,-0.016,0.065,-0.105,0.152,-0.605,-0.141,-0.102,-0.588,0.286,2.495,0.969,1504,1356,1741,1413,90.452,-5.540,37.543,1,81,0,-0.079,0.090,-0.293,-0.282,-0.158,-0.038,-0.019
64.245849000,12.109367000,12.350220,43,98.697197,3048,0.0010,0.446,2.533,0.989,0.288,-0.019,0.060,-0.106,0.154,-0.610,-0.148,-0.028,-0.572,0.286,2.495,0.969,1504,1358,1742,1412,90.291,-5.577,37.519,1,81,0,-0.080,0.090,-0.288,-0.278,-0.160,-0.037,-0.020
64.260968000,12.124486000,12.359985,43,89.621796,3049,0.0053,0.449,2.533,0.989,0.302,-0.019,0.055,-0.111,0.161,-0.621,-0.234,0.146,-0.700,0.286,2.495,0.969,1504,1350,1744,1411,90.127,-5.615,37.494,1,81,0,-0.082,0.090,-0.302,-0.294,-0.164,-0.037,-0.020
64.276558000,12.140076000,12.367798,43,66.172577,3050,0.0078,0.452,2.533,0.990,0.306,-0.019,0.063,-0.118,0.159,-0.621,-0.401,0.059,-0.535,0.286,2.495,0.969,1503,1348,1740,1411,89.961,-5.652,37.468,1,81,0,-0.083,0.090,-0.306,-0.299,-0.166,-0.037,-0.021
64.279941000,12.143459000,12.380005,43,64.176613,3051,-0.0088,0.455,2.532,0.991,0.287,-0.020,0.066,-0.122,0.152,-0.626,-0.372,-0.091,-0.500,0.286,2.495,0.969,1503,1357,1738,1410,89.792,-5.689,37.440,1,81,0,-0.085,0.090,-0.287,-0.282,-0.169,-0.037,-0.022
64.284682000,12.148200000,12.390015,43,296.033142,3052,-0.0053,0.458,2.532,0.991,0.286,-0.022,0.061,-0.129,0.158,-0.632,-0.451,0.066,-0.543,0.286,2.495,0.969,1503,1357,1739,1409,89.620,-5.725,37.413,1,81,0,-0.086,0.090,-0.286,-0.283,-0.172,-0.037,-0.022
64.298499000,12.162017000,12.400269,43,211.148651,3053,0.0036,0.460,2.532,0.992,0.282,-0.025,0.061,-0.133,0.157,-0.637,-0.446,0.018,-0.528,0.286,2.495,0.969,1502,1359,1738,1409,89.446,-5.761,37.384,1,81,0,-0.087,0.089,-0.282,-0.280,-0.175,-0.036,-0.023
64.311635000,12.175153000,12.410156,43,72.416542,3054,0.0032,0.463,2.532,0.992,0.290,-0.016,0.050,-0.143,0.152,-0.632,-0.578,-0.098,-0.273,0.286,2.495,0.969,1504,1355,1742,1410,89.268,-5.798,37.355,1,81,0,-0.089,0.089,-0.290,-0.289,-0.178,-0.036,-0.023
64.315702000,12.179220000,12.419922,43,76.178871,3055,-0.0057,0.466,2.531,0.993,0.285,-0.021,0.057,-0.145,0.148,-0.635,-0.493,-0.166,-0.268,0.286,2.495,0.969,1503,1357,1739,1409,89.087,-5.834,37.326,1,81,0,-0.090,0.089,-0.285,-0.286,-0.180,-0.036,-0.024
64.329594000,12.193112000,12.430054,43,246.366104,3056,0.0038,0.469,2.531,0.993,0.279,-0.026,0.059,-0.147,0.148,-0.638,-0.413,-0.145,-0.267,0.286,2.495,0.969,1502,1359,1737,1409,88.904,-5.869,37.295,1,81,0,-0.092,0.089,-0.279,-0.281,-0.183,-0.036,-0.024
64.337141000,12.200659000,12.439819,43,72.025352,3057,-0.0022,0.471,2.531,0.994,0.271,-0.028,0.062,-0.150,0.144,-0.639,-0.403,-0.206,-0.248,0.286,2.495,0.969,1501,1363,1735,1409,88.719,-5.905,37.264,1,81,0,-0.093,0.089,-0.271,-0.275,-0.185,-0.035,-0.025
64.344377000,12.207895000,12.449951,43,132.608414,3058,-0.0029,0.474,2.530,0.995,0.274,-0.030,0.056,-0.151,0.151,-0.649,-0.329,0.025,-0.420,0.286,2.495,0.969,1501,1361,1737,1407,88.531,-5.939,37.232,1,81,0,-0.094,0.089,-0.274,-0.280,-0.188,-0.035,-0.026
64.355022000,12.218540000,12.459961,43,138.312592,3059,0.0006,0.476,2.530,0.995,0.265,-0.035,0.062,-0.152,0.150,-0.656,-0.253,-0.022,-0.503,0.286,2.495,0.969,1500,1365,1734,1406,88.340,-5.974,37.199,1,81,0,-0.095,0.088,-0.265,-0.272,-0.191,-0.034,-0.026
64.365210000,12.228728000,12.470093,43,94.002632,3060,0.0000,0.479,2.529,0.996,0.255,-0.042,0.064,-0.149,0.148,-0.661,-0.118,-0.055,-0.498,0.286,2.495,0.969,1499,1370,1732,1405,88.147,-6.008,37.165,1,81,0,-0.096,0.088,-0.255,-0.264,-0.193,-0.034,-0.027
64.375546000,12.239064000,12.479980,43,98.231827,3061,0.0004,0.481,2.529,0.997,0.251,-0.043,0.061,-0.152,0.146,-0.668,-0.176,-0.099,-0.531,0.286,2.495,0.969,1498,1372,1732,1404,87.952,-6.041,37.131,1,81,0,-0.098,0.088,-0.251,-0.261,-0.195,-0.033,-0.028
64.384823000,12.248341000,12.489746,43,96.824165,3062,-0.0005,0.483,2.528,0.997,0.246,-0.047,0.065,-0.151,0.143,-0.674,-0.094,-0.143,-0.552,0.286,2.495,0.969,1497,1374,1730,1403,87.754,-6.073,37.095,1,81,0,-0.099,0.088,-0.246,-0.257,-0.198,-0.033,-0.028
64.397812000,12.261330000,12.499634,43,107.874863,3063,0.0031,0.485,2.528,0.998,0.241,-0.051,0.063,-0.149,0.138,-0.678,-0.024,-0.238,-0.522,0.286,2.495,0.969,1497,1376,1730,1403,87.554,-6.106,37.059,1,81,0,-0.100,0.088,-0.241,-0.253,-0.200,-0.032,-0.029
64.416036000,12.279554000,12.509888,43,77.041603,3064,0.0080,0.488,2.527,0.998,0.235,-0.050,0.060,-0.146,0.138,-0.684,0.062,-0.176,-0.547,0.286,2.495,0.969,1497,1379,1731,1402,87.352,-6.137,37.022,1,81,0,-0.101,0.087,-0.235,-0.249,-0.202,-0.032,-0.029
64.423438000,12.286956000,12.519653,43,54.890766,3065,-0.0024,0.490,2.526,0.999,0.231,-0.054,0.059,-0.142,0.134,-0.689,0.140,-0.226,-0.529,0.286,2.495,0.969,1496,1380,1730,1401,87.148,-6.168,36.985,1,81,0,-0.102,0.087,-0.231,-0.246,-0.204,-0.031,-0.030
64.425041000,12.288559000,12.530029,43,135.244797,3066,-0.0088,0.492,2.526,0.999,0.231,-0.052,0.055,-0.138,0.132,-0.696,0.203,-0.223,-0.576,0.286,2.495,0.969,1496,1380,1730,1400,86.941,-6.199,36.947,1,81,0,-0.103,0.087,-0.231,-0.247,-0.207,-0.030,-0.030
64.438807000,12.302325000,12.540405,43,626.174072,3067,0.0034,0.494,2.525,1.000,0.227,-0.052,0.052,-0.135,0.129,-0.704,0.232,-0.246,-0.615,0.286,2.495,0.969,1496,1382,1731,1399,86.732,-6.228,36.909,1,81,0,-0.104,0.087,-0.227,-0.245,-0.209,-0.030,-0.031
64.448576000,12.312094000,12.550171,43,72.669136,3068,-0.0000,0.497,2.525,1.000,0.229,-0.047,0.044,-0.134,0.125,-0.708,0.199,-0.281,-0.571,0.286,2.495,0.969,1497,1380,1733,1398,86.521,-6.258,36.870,1,81,0,-0.106,0.087,-0.229,-0.248,-0.211,-0.030,-0.031
64.456778000,12.320296000,12.559814,43,102.427536,3069,-0.0014,0.499,2.525,1.000,0.229,-0.046,0.041,-0.132,0.123,-0.715,0.178,-0.268,-0.599,0.286,2.495,0.969,1497,1380,1734,1398,86.308,-6.287,36.831,1,81,0,-0.107,0.086,-0.229,-0.249,-0.213,-0.029,-0.031
64.467064000,12.330582000,12.569946,43,122.010735,3070,0.0001,0.501,2.524,1.001,0.223,-0.039,0.038,-0.132,0.123,-0.719,0.152,-0.207,-0.563,0.286,2.495,0.969,1498,1383,1735,1397,86.093,-6.316,36.791,1,81,0,-0.108,0.086,-0.223,-0.245,-0.215,-0.029,-0.032
64.479290000,12.342808000,12.579834,43,97.295197,3071,0.0023,0.503,2.524,1.001,0.220,-0.037,0.031,-0.133,0.122,-0.727,0.092,-0.176,-0.607,0.286,2.495,0.969,1499,1384,1737,1396,85.875,-6.345,36.752,1,81,0,-0.109,0.086,-0.220,-0.243,-0.217,-0.029,-0.032
64.485288000,12.348806000,12.589966,43,81.853157,3072,-0.0041,0.505,2.524,1.001,0.216,-0.033,0.024,-0.131,0.123,-0.732,0.117,-0.111,-0.597,0.286,2.495,0.969,1499,1385,1739,1395,85.656,-6.374,36.712,1,81,0,-0.110,0.086,-0.216,-0.241,-0.220,-0.029,-0.032
64.495354000,12.358872000,12.599976,43,166.889191,3073,0.0000,0.507,2.524,1.001,0.214,-0.026,0.020,-0.128,0.124,-0.735,0.148,-0.050,-0.517,0.286,2.495,0.969,1501,1386,1741,1395,85.434,-6.402,36.672,1,81,0,-0.111,0.085,-0.214,-0.239,-0.222,-0.028,-0.032
64.509195000,12.372713000,12.609863,43,99.423347,3074,0.0039,0.509,2.524,1.001,0.211,-0.022,0.015,-0.126,0.123,-0.738,0.173,-0.065,-0.464,0.286,2.495,0.969,1501,1387,1743,1394,85.210,-6.430,36.632,1,81,0,-0.112,0.085,-0.211,-0.237,-0.224,-0.028,-0.032
64.521688000,12.385206000,12.619873,43,72.296127,3075,0.0025,0.511,2.524,1.001,0.208,-0.018,0.010,-0.123,0.125,-0.742,0.210,0.005,-0.435,0.286,2.495,0.969,1502,1389,1744,1394,84.985,-6.459,36.593,1,81,0,-0.113,0.085,-0.208,-0.235,-0.226,-0.028,-0.032
64.522568000,12.386086000,12.627075,43,80.089699,3076,-0.0063,0.513,2.524,1.001,0.223,-0.015,0.004,-0.120,0.128,-0.746,0.257,0.102,-0.465,0.286,2.495,0.969,1503,1381,1747,1393,84.757,-6.487,36.553,1,81,0,-0.114,0.085,-0.223,-0.252,-0.228,-0.028,-0.032
64.539769000,12.403287000,12.639648,43,1142.857178,3077,0.0046,0.515,2.524,1.001,0.204,-0.009,0.003,-0.118,0.126,-0.747,0.224,0.042,-0.372,0.286,2.495,0.969,1504,1390,1747,1393,84.528,-6.515,36.514,1,81,0,-0.115,0.085,-0.204,-0.234,-0.229,-0.028,-0.032
64.566364000,12.429882000,12.650146,43,58.149677,3078,0.0161,0.517,2.524,1.001,0.196,-0.011,-0.002,-0.115,0.129,-0.752,0.240,0.106,-0.401,0.286,2.495,0.969,1503,1394,1749,1393,84.297,-6.543,36.474,1,81,0,-0.116,0.084,-0.196,-0.227,-0.231,-0.028,-0.031
64.577793000,12.441311000,12.660034,43,37.610950,3079,0.0015,0.519,2.524,1.000,0.195,-0.010,-0.005,-0.114,0.131,-0.758,0.214,0.128,-0.448,0.286,2.495,0.969,1504,1394,1750,1392,84.063,-6.572,36.435,1,81,0,-0.117,0.084,-0.195,-0.228,-0.233,-0.028,-0.031
64.578146000,12.441664000,12.670044,43,87.542679,3080,-0.0097,0.520,2.523,1.000,0.189,-0.010,-0.004,-0.113,0.131,-0.761,0.180,0.091,-0.405,0.286,2.495,0.969,1504,1397,1750,1391,83.829,-6.600,36.396,1,81,0,-0.117,0.084,-0.189,-0.222,-0.235,-0.028,-0.031
64.578430000,12.441948000,12.679932,43,2881.844482,3081,-0.0096,0.522,2.523,1.000,0.186,-0.009,-0.003,-0.110,0.130,-0.765,0.201,0.049,-0.416,0.286,2.495,0.969,1504,1398,1750,1391,83.592,-6.628,36.357,1,81,0,-0.118,0.084,-0.186,-0.220,-0.237,-0.028,-0.031
64.585592000,12.449110000,12.690063,43,3558.718750,3082,-0.0030,0.524,2.523,1.000,0.184,-0.011,-0.006,-0.106,0.130,-0.768,0.252,0.023,-0.390,0.286,2.495,0.969,1503,1399,1750,1390,83.354,-6.655,36.318,1,81,0,-0.119,0.083,-0.184,-0.220,-0.238,-0.028,-0.031
64.595909000,12.459427000,12.700073,43,139.684311,3083,0.0003,0.526,2.523,1.000,0.181,-0.013,-0.006,-0.101,0.130,-0.772,0.311,0.028,-0.388,0.286,2.495,0.969,1503,1400,1751,1390,83.114,-6.683,36.279,1,81,0,-0.120,0.083,-0.181,-0.218,-0.240,-0.028,-0.031
64.619944000,12.483462000,12.709961,43,97.002617,3084,0.0141,0.527,2.523,1.000,0.179,-0.012,-0.006,-0.099,0.131,-0.774,0.300,0.034,-0.342,0.286,2.495,0.969,1503,1401,1751,1390,82.872,-6.710,36.240,1,81,0,-0.121,0.083,-0.179,-0.217,-0.242,-0.027,-0.031
64.627754000,12.491272000,12.720093,43,41.619843,3085,-0.0023,0.529,2.523,1.000,0.178,-0.014,-0.005,-0.098,0.130,-0.779,0.240,0.007,-0.387,0.286,2.495,0.969,1503,1401,1751,1389,82.628,-6.738,36.201,1,81,0,-0.122,0.083,-0.178,-0.217,-0.244,-0.027,-0.031
64.628040000,12.491558000,12.729980,43,128.155838,3086,-0.0096,0.531,2.522,1.000,0.180,-0.017,-0.005,-0.096,0.129,-0.785,0.246,-0.002,-0.438,0.286,2.495,0.969,1502,1400,1750,1388,82.383,-6.765,36.162,1,81,0,-0.123,0.082,-0.180,-0.220,-0.245,-0.027,-0.031
64.636683000,12.500201000,12.739990,43,3558.718750,3087,-0.0014,0.533,2.522,1.000,0.177,-0.018,-0.003,-0.094,0.128,-0.790,0.224,-0.035,-0.437,0.286,2.495,0.969,1502,1400,1750,1387,82.136,-6.792,36.124,1,81,0,-0.124,0.082,-0.177,-0.219,-0.247,-0.027,-0.031
64.644427000,12.507945000,12.749023,43,115.727348,3088,-0.0013,0.534,2.522,1.000,0.174,-0.022,-0.007,-0.093,0.132,-0.794,0.190,0.080,-0.458,0.286,2.495,0.969,1501,1402,1751,1386,81.887,-6.818,36.085,1,81,0,-0.124,0.082,-0.174,-0.217,-0.249,-0.027,-0.031
64.654638000,12.518156000,12.760132,43,129.265778,3089,-0.0009,0.536,2.522,1.000,0.172,-0.024,-0.008,-0.092,0.132,-0.802,0.166,0.052,-0.509,0.286,2.495,0.969,1501,1403,1752,1385,81.637,-6.844,36.047,1,81,0,-0.125,0.082,-0.172,-0.215,-0.250,-0.026,-0.031
64.664731000,12.528249000,12.770264,43,98.010391,3090,-0.0000,0.538,2.521,1.000,0.166,-0.026,-0.005,-0.088,0.132,-0.806,0.232,0.048,-0.494,0.286,2.495,0.969,1500,1405,1751,1385,81.385,-6.870,36.008,1,81,0,-0.126,0.081,-0.166,-0.211,-0.252,-0.026,-0.031
64.676050000,12.539568000,12.780396,43,99.167000,3091,0.0012,0.539,2.521,1.000,0.163,-0.029,-0.004,-0.085,0.133,-0.810,0.239,0.055,-0.460,0.286,2.495,0.969,1499,1407,1749,1384,81.132,-6.896,35.970,1,81,0,-0.127,0.081,-0.163,-0.208,-0.253,-0.025,-0.031
64.684488000,12.548006000,12.789917,43,88.409515,3092,-0.0011,0.541,2.521,1.000,0.163,-0.032,-0.004,-0.080,0.132,-0.814,0.308,0.021,-0.453,0.286,2.495,0.969,1499,1406,1749,1384,80.877,-6.921,35.931,1,81,0,-0.128,0.081,-0.163,-0.210,-0.255,-0.025,-0.031
64.694479000,12.557997000,12.799927,43,118.609894,3093,-0.0000,0.542,2.520,1.000,0.161,-0.032,-0.004,-0.076,0.132,-0.816,0.332,0.009,-0.401,0.286,2.495,0.969,1499,1407,1750,1383,80.620,-6.945,35.893,1,81,0,-0.128,0.081,-0.161,-0.208,-0.257,-0.025,-0.031
64.705656000,12.569174000,12.809814,43,100.170288,3094,0.0013,0.544,2.520,1.000,0.157,-0.037,-0.002,-0.073,0.131,-0.822,0.342,0.001,-0.438,0.286,2.495,0.969,1498,1409,1749,1383,80.362,-6.970,35.855,1,81,0,-0.129,0.080,-0.157,-0.206,-0.258,-0.024,-0.031
64.721552000,12.585070000,12.820068,43,89.509491,3095,0.0056,0.545,2.519,1.000,0.153,-0.045,0.001,-0.072,0.130,-0.828,0.281,-0.032,-0.473,0.286,2.495,0.969,1496,1411,1748,1382,80.102,-6.993,35.816,1,81,0,-0.130,0.080,-0.153,-0.203,-0.259,-0.024,-0.031
64.724823000,12.588341000,12.829956,43,62.944546,3096,-0.0066,0.546,2.519,1.000,0.147,-0.046,0.004,-0.071,0.129,-0.831,0.224,-0.045,-0.444,0.286,2.495,0.969,1496,1414,1746,1381,79.842,-7.016,35.777,1,81,0,-0.130,0.080,-0.147,-0.197,-0.261,-0.023,-0.031
64.738217000,12.601735000,12.840088,43,306.560394,3097,0.0033,0.548,2.518,1.000,0.144,-0.050,0.007,-0.072,0.129,-0.836,0.153,-0.047,-0.455,0.286,2.495,0.969,1495,1415,1745,1381,79.580,-7.039,35.738,1,81,0,-0.131,0.080,-0.144,-0.195,-0.262,-0.022,-0.031
64.744580000,12.608098000,12.849976,43,74.704918,3098,-0.0035,0.549,2.517,1.000,0.138,-0.054,0.011,-0.073,0.126,-0.840,0.076,-0.113,-0.431,0.286,2.495,0.969,1494,1417,1744,1380,79.316,-7.061,35.699,1,81,0,-0.132,0.079,-0.138,-0.190,-0.263,-0.022,-0.031
64.755851000,12.619369000,12.859619,43,157.381180,3099,0.0016,0.550,2.517,1.001,0.136,-0.057,0.013,-0.075,0.124,-0.843,0.022,-0.140,-0.402,0.286,2.495,0.969,1494,1418,1743,1380,79.052,-7.082,35.660,1,81,0,-0.132,0.079,-0.136,-0.189,-0.265,-0.021,-0.032
64.767903000,12.631421000,12.869995,43,88.786293,3100,0.0017,0.551,2.516,1.001,0.134,-0.058,0.013,-0.076,0.122,-0.845,-0.024,-0.133,-0.353,0.286,2.495,0.969,1493,1419,1743,1379,78.786,-7.102,35.620,1,81,0,-0.133,0.079,-0.134,-0.188,-0.266,-0.021,-0.032
64.782321000,12.645839000,12.879883,43,83.022003,3101,0.0045,0.553,2.515,1.001,0.135,-0.061,0.013,-0.077,0.123,-0.847,-0.044,-0.090,-0.316,0.286,2.495,0.969,1492,1418,1742,1379,78.519,-7.122,35.581,1,81,0,-0.134,0.079,-0.135,-0.190,-0.267,-0.020,-0.032
64.792134000,12.655652000,12.890259,43,69.381805,3102,-0.0006,0.554,2.515,1.001,0.130,-0.058,0.015,-0.079,0.122,-0.849,-0.083,-0.094,-0.288,0.286,2.495,0.969,1493,1420,1741,1379,78.250,-7.141,35.541,1,81,0,-0.134,0.078,-0.130,-0.186,-0.268,-0.019,-0.032
64.799925000,12.663443000,12.900024,43,101.957588,3103,-0.0020,0.555,2.514,1.001,0.130,-0.053,0.017,-0.081,0.121,-0.852,-0.115,-0.086,-0.289,0.286,2.495,0.969,1494,1420,1740,1379,77.981,-7.160,35.500,1,81,0,-0.135,0.078,-0.130,-0.187,-0.270,-0.019,-0.032
64.826772000,12.690290000,12.909668,43,128.435654,3104,0.0172,0.556,2.514,1.002,0.124,-0.052,0.020,-0.086,0.119,-0.855,-0.194,-0.107,-0.294,0.286,2.495,0.969,1494,1423,1739,1378,77.710,-7.179,35.460,1,81,0,-0.135,0.078,-0.124,-0.182,-0.271,-0.018,-0.033
64.835874000,12.699392000,12.920288,43,37.259212,3105,-0.0015,0.557,2.514,1.002,0.117,-0.045,0.019,-0.087,0.120,-0.858,-0.192,-0.074,-0.300,0.286,2.495,0.969,1495,1426,1739,1378,77.438,-7.197,35.419,1,81,0,-0.136,0.077,-0.117,-0.176,-0.272,-0.018,-0.033
64.836228000,12.699746000,12.929688,43,109.962616,3106,-0.0091,0.558,2.513,1.002,0.114,-0.042,0.018,-0.086,0.121,-0.860,-0.106,-0.030,-0.269,0.286,2.495,0.969,1496,1427,1739,1377,77.165,-7.215,35.378,1,81,0,-0.136,0.077,-0.114,-0.174,-0.273,-0.018,-0.033
64.836442000,12.699960000,12.940063,43,2873.563232,3107,-0.0102,0.559,2.513,1.002,0.111,-0.037,0.017,-0.083,0.122,-0.860,-0.012,0.000,-0.196,0.286,2.495,0.969,1497,1429,1740,1378,76.892,-7.233,35.337,1,81,0,-0.137,0.077,-0.111,-0.171,-0.274,-0.018,-0.033
64.847300000,12.710818000,12.949707,43,4739.336426,3108,0.0012,0.560,2.513,1.002,0.110,-0.040,0.016,-0.080,0.120,-0.863,0.073,-0.046,-0.223,0.286,2.495,0.969,1496,1429,1740,1377,76.617,-7.250,35.295,1,81,0,-0.137,0.077,-0.110,-0.171,-0.275,-0.017,-0.033
64.855871000,12.719389000,12.959839,43,92.123444,3109,-0.0016,0.561,2.512,1.002,0.108,-0.038,0.017,-0.076,0.119,-0.863,0.158,-0.056,-0.176,0.286,2.495,0.969,1496,1430,1739,1377,76.341,-7.267,35.254,1,81,0,-0.138,0.076,-0.108,-0.169,-0.276,-0.017,-0.033
64.872776000,12.736294000,12.970093,43,116.781502,3110,0.0066,0.563,2.512,1.002,0.108,-0.035,0.015,-0.071,0.119,-0.865,0.230,-0.050,-0.188,0.286,2.495,0.969,1497,1430,1740,1377,76.064,-7.283,35.212,1,81,0,-0.138,0.076,-0.108,-0.171,-0.277,-0.017,-0.033
64.887880000,12.751398000,12.979980,43,59.175098,3111,0.0052,0.564,2.512,1.003,0.105,-0.030,0.015,-0.068,0.121,-0.866,0.268,0.016,-0.162,0.286,2.495,0.969,1498,1431,1739,1377,75.786,-7.300,35.170,1,81,0,-0.139,0.076,-0.105,-0.168,-0.278,-0.016,-0.034
64.898200000,12.761718000,12.990112,43,66.238327,3112,0.0002,0.565,2.512,1.003,0.104,-0.029,0.017,-0.066,0.120,-0.870,0.246,0.005,-0.216,0.286,2.495,0.969,1498,1432,1739,1376,75.507,-7.316,35.128,1,81,0,-0.139,0.076,-0.104,-0.168,-0.279,-0.016,-0.034
64.898641000,12.762159000,13.000000,43,96.974396,3113,-0.0095,0.565,2.511,1.003,0.100,-0.027,0.022,-0.065,0.119,-0.873,0.206,-0.044,-0.233,0.286,2.495,0.969,1498,1433,1736,1376,75.227,-7.332,35.085,1,81,0,-0.140,0.075,-0.100,-0.165,-0.280,-0.016,-0.034
64.905521000,12.769039000,13.010010,43,2298.850586,3114,-0.0031,0.566,2.511,1.004,0.097,-0.026,0.025,-0.064,0.117,-0.874,0.181,-0.065,-0.208,0.286,2.495,0.969,1498,1435,1735,1376,74.947,-7.348,35.042,1,81,0,-0.140,0.075,-0.097,-0.162,-0.281,-0.016,-0.034
64.914678000,12.778196000,13.019043,43,145.433395,3115,0.0001,0.568,2.510,1.004,0.106,-0.042,0.036,-0.047,0.111,-0.885,0.608,-0.218,-0.464,0.286,2.495,0.969,1495,1430,1729,1374,74.665,-7.363,34.998,1,81,0,-0.141,0.075,-0.106,-0.173,-0.282,-0.015,-0.035
64.927457000,12.790975000,13.030029,43,109.313515,3116,0.0018,0.568,2.510,1.004,0.101,-0.037,0.033,-0.044,0.111,-0.886,0.528,-0.161,-0.363,0.286,2.495,0.969,1496,1432,1730,1374,74.382,-7.378,34.954,1,81,0,-0.141,0.074,-0.101,-0.168,-0.283,-0.015,-0.035
64.938008000,12.801526000,13.038940,43,78.302406,3117,0.0016,0.569,2.510,1.005,0.103,-0.035,0.029,-0.044,0.111,-0.885,0.373,-0.138,-0.258,0.286,2.495,0.969,1496,1431,1731,1374,74.098,-7.392,34.910,1,81,0,-0.142,0.074,-0.103,-0.170,-0.284,-0.014,-0.036
64.952136000,12.815654000,13.049438,43,94.831673,3118,0.0036,0.570,2.510,1.005,0.100,-0.032,0.027,-0.045,0.110,-0.886,0.268,-0.129,-0.199,0.286,2.495,0.969,1497,1433,1732,1374,73.813,-7.406,34.865,1,81,0,-0.142,0.074,-0.100,-0.168,-0.285,-0.014,-0.036
64.956434000,12.819952000,13.058472,43,70.816513,3119,-0.0047,0.571,2.509,1.005,0.098,-0.031,0.028,-0.045,0.110,-0.886,0.201,-0.084,-0.159,0.286,2.495,0.969,1497,1433,1731,1374,73.528,-7.420,34.820,1,81,0,-0.143,0.074,-0.098,-0.167,-0.286,-0.014,-0.036
64.964931000,12.828449000,13.070068,43,232.991608,3120,-0.0031,0.572,2.509,1.005,0.093,-0.024,0.024,-0.048,0.111,-0.884,0.088,-0.033,-0.073,0.286,2.495,0.969,1498,1435,1732,1374,73.241,-7.434,34.775,1,81,0,-0.143,0.073,-0.093,-0.163,-0.286,-0.014,-0.036
64.979426000,12.842944000,13.080078,43,117.799507,3121,0.0045,0.573,2.509,1.006,0.091,-0.029,0.027,-0.049,0.110,-0.887,0.045,-0.059,-0.142,0.286,2.495,0.969,1497,1437,1731,1374,72.954,-7.448,34.729,1,81,0,-0.144,0.073,-0.091,-0.161,-0.287,-0.014,-0.036
64.985434000,12.848952000,13.090088,43,69.027405,3122,-0.0040,0.574,2.509,1.006,0.088,-0.029,0.030,-0.050,0.107,-0.890,0.010,-0.125,-0.179,0.286,2.495,0.969,1497,1438,1730,1373,72.666,-7.461,34.683,1,81,0,-0.144,0.073,-0.088,-0.160,-0.288,-0.013,-0.037
65.004738000,12.868256000,13.097534,43,166.638901,3123,0.0118,0.575,2.508,1.006,0.093,-0.027,0.031,-0.053,0.107,-0.890,-0.097,-0.090,-0.141,0.286,2.495,0.969,1498,1435,1729,1373,72.377,-7.474,34.637,1,81,0,-0.144,0.072,-0.093,-0.165,-0.289,-0.013,-0.037
65.014495000,12.878013000,13.109985,43,51.826897,3124,-0.0027,0.575,2.509,1.006,0.086,-0.019,0.027,-0.056,0.108,-0.887,-0.146,-0.047,-0.042,0.286,2.495,0.969,1499,1438,1730,1374,72.087,-7.487,34.590,1,81,0,-0.145,0.072,-0.086,-0.159,-0.290,-0.013,-0.037
65.018869000,12.882387000,13.119995,43,102.553581,3125,-0.0056,0.576,2.508,1.007,0.083,-0.021,0.027,-0.057,0.107,-0.889,-0.115,-0.071,-0.066,0.286,2.495,0.969,1499,1440,1730,1374,71.797,-7.500,34.543,1,81,0,-0.145,0.072,-0.083,-0.156,-0.290,-0.013,-0.038
65.029419000,12.892937000,13.129761,43,228.937729,3126,0.0008,0.577,2.508,1.007,0.082,-0.020,0.025,-0.059,0.106,-0.888,-0.153,-0.064,-0.027,0.286,2.495,0.969,1499,1440,1730,1374,71.505,-7.513,34.496,1,81,0,-0.146,0.072,-0.082,-0.156,-0.291,-0.013,-0.038
65.037158000,12.900676000,13.140015,43,94.858658,3127,-0.0025,0.578,2.508,1.007,0.078,-0.017,0.023,-0.060,0.106,-0.885,-0.127,-0.053,0.047,0.286,2.495,0.969,1500,1442,1731,1374,71.214,-7.525,34.449,1,81,0,-0.146,0.071,-0.078,-0.152,-0.292,-0.013,-0.038
65.058789000,12.922307000,13.150024,43,129.332642,3128,0.0116,0.578,2.508,1.007,0.080,-0.021,0.022,-0.054,0.104,-0.889,0.051,-0.093,-0.059,0.286,2.495,0.969,1499,1440,1731,1374,70.921,-7.537,34.401,1,81,0,-0.146,0.071,-0.080,-0.156,-0.293,-0.012,-0.038
65.069020000,12.932538000,13.160034,43,46.242775,3129,0.0002,0.579,2.507,1.007,0.078,-0.021,0.021,-0.051,0.104,-0.890,0.112,-0.068,-0.072,0.286,2.495,0.969,1499,1442,1731,1374,70.627,-7.550,34.353,1,81,0,-0.147,0.071,-0.078,-0.154,-0.294,-0.012,-0.038
65.069374000,12.932892000,13.170044,43,97.809074,3130,-0.0097,0.580,2.507,1.007,0.076,-0.020,0.018,-0.050,0.105,-0.890,0.111,-0.015,-0.064,0.286,2.495,0.969,1499,1442,1732,1374,70.333,-7.561,34.305,1,81,0,-0.147,0.070,-0.076,-0.153,-0.294,-0.012,-0.038
65.076647000,12.940165000,13.179810,43,2873.563232,3131,-0.0025,0.581,2.507,1.008,0.075,-0.019,0.016,-0.050,0.105,-0.891,0.072,-0.026,-0.067,0.286,2.495,0.969,1499,1442,1732,1373,70.038,-7.573,34.257,1,81,0,-0.147,0.070,-0.075,-0.153,-0.295,-0.012,-0.039
65.083947000,12.947465000,13.189209,43,137.570511,3132,-0.0021,0.581,2.507,1.008,0.073,-0.015,0.016,-0.054,0.104,-0.890,-0.034,-0.038,-0.023,0.286,2.495,0.969,1500,1443,1732,1374,69.743,-7.585,34.209,1,81,0,-0.148,0.070,-0.073,-0.151,-0.296,-0.012,-0.039
65.094436000,12.957954000,13.199585,43,137.136581,3133,0.0001,0.582,2.507,1.008,0.071,-0.013,0.016,-0.055,0.103,-0.889,-0.071,-0.050,-0.003,0.286,2.495,0.969,1500,1444,1732,1374,69.446,-7.596,34.160,1,81,0,-0.148,0.069,-0.071,-0.150,-0.296,-0.012,-0.039
65.104677000,12.968195000,13.209229,43,95.401642,3134,0.0006,0.583,2.507,1.008,0.071,-0.011,0.014,-0.057,0.103,-0.888,-0.099,-0.042,0.038,0.286,2.495,0.969,1500,1444,1733,1374,69.149,-7.608,34.112,1,81,0,-0.148,0.069,-0.071,-0.150,-0.297,-0.012,-0.039
65.115716000,12.979234000,13.220337,43,97.723053,3135,-0.0001,0.583,2.507,1.008,0.064,-0.009,0.010,-0.059,0.103,-0.885,-0.114,-0.030,0.086,0.286,2.495,0.969,1501,1447,1734,1374,68.852,-7.620,34.063,1,81,0,-0.149,0.069,-0.064,-0.144,-0.297,-0.012,-0.039
65.130546000,12.994064000,13.228638,43,90.653610,3136,0.0065,0.583,2.507,1.008,0.062,-0.007,0.008,-0.060,0.104,-0.883,-0.121,-0.000,0.138,0.286,2.495,0.969,1501,1448,1735,1375,68.554,-7.631,34.015,1,81,0,-0.149,0.069,-0.062,-0.143,-0.298,-0.012,-0.039
65.140497000,13.004015000,13.239990,43,67.471832,3137,-0.0014,0.584,2.507,1.008,0.055,-0.006,0.006,-0.062,0.105,-0.881,-0.130,0.022,0.150,0.286,2.495,0.969,1501,1452,1734,1375,68.256,-7.643,33.966,1,81,0,-0.149,0.068,-0.055,-0.136,-0.298,-0.012,-0.039
65.146100000,13.009618000,13.250000,43,100.583382,3138,-0.0044,0.584,2.507,1.008,0.054,-0.007,0.002,-0.064,0.106,-0.881,-0.137,0.034,0.093,0.286,2.495,0.969,1501,1452,1736,1375,67.957,-7.654,33.918,1,81,0,-0.149,0.068,-0.054,-0.136,-0.299,-0.011,-0.039
65.155404000,13.018922000,13.260010,43,178.667145,3139,-0.0007,0.585,2.507,1.008,0.053,-0.008,-0.001,-0.065,0.106,-0.882,-0.151,0.038,0.055,0.286,2.495,0.969,1501,1452,1737,1375,67.658,-7.665,33.869,1,81,0,-0.150,0.068,-0.053,-0.135,-0.299,-0.011,-0.039
65.164698000,13.028216000,13.269897,43,107.584724,3140,-0.0006,0.585,2.507,1.008,0.050,-0.007,-0.000,-0.067,0.106,-0.881,-0.144,0.025,0.057,0.286,2.495,0.969,1501,1454,1737,1375,67.358,-7.677,33.821,1,81,0,-0.150,0.067,-0.050,-0.132,-0.300,-0.011,-0.039
65.175434000,13.038952000,13.280029,43,107.688995,3141,0.0006,0.586,2.506,1.008,0.048,-0.010,-0.002,-0.068,0.105,-0.882,-0.132,0.003,0.017,0.286,2.495,0.969,1500,1455,1737,1375,67.058,-7.688,33.773,1,81,0,-0.150,0.067,-0.048,-0.131,-0.300,-0.011,-0.039
65.183732000,13.047250000,13.288940,43,93.205330,3142,-0.0006,0.586,2.506,1.008,0.050,-0.014,-0.005,-0.068,0.105,-0.883,-0.095,-0.012,0.009,0.286,2.495,0.969,1500,1453,1739,1375,66.757,-7.698,33.724,1,81,0,-0.150,0.067,-0.050,-0.134,-0.301,-0.011,-0.038
65.194626000,13.058144000,13.300049,43,120.641815,3143,-0.0002,0.587,2.506,1.007,0.049,-0.013,-0.008,-0.064,0.105,-0.881,-0.002,-0.003,0.032,0.286,2.495,0.969,1500,1454,1740,1375,66.456,-7.709,33.677,1,81,0,-0.151,0.066,-0.049,-0.133,-0.301,-0.011,-0.038
65.206331000,13.069849000,13.309082,43,91.861107,3144,0.0027,0.587,2.506,1.007,0.049,-0.016,-0.012,-0.062,0.106,-0.881,0.071,0.025,0.039,0.286,2.495,0.969,1499,1454,1742,1375,66.155,-7.720,33.629,1,81,0,-0.151,0.066,-0.049,-0.134,-0.302,-0.010,-0.038
65.222818000,13.086336000,13.319824,43,85.492004,3145,0.0057,0.588,2.506,1.007,0.048,-0.018,-0.016,-0.059,0.106,-0.882,0.115,0.012,0.002,0.286,2.495,0.969,1499,1454,1743,1375,65.853,-7.730,33.582,1,81,0,-0.151,0.066,-0.048,-0.133,-0.302,-0.010,-0.038
65.232631000,13.096149000,13.329956,43,60.672249,3146,-0.0003,0.588,2.505,1.007,0.051,-0.021,-0.020,-0.057,0.106,-0.884,0.132,0.017,-0.036,0.286,2.495,0.969,1498,1453,1745,1374,65.550,-7.740,33.535,1,81,0,-0.151,0.066,-0.051,-0.137,-0.303,-0.010,-0.037
65.236577000,13.100095000,13.339966,43,101.957588,3147,-0.0061,0.589,2.505,1.006,0.052,-0.024,-0.022,-0.057,0.106,-0.886,0.096,0.022,-0.077,0.286,2.495,0.969,1498,1452,1746,1374,65.247,-7.749,33.488,1,81,0,-0.152,0.065,-0.052,-0.138,-0.303,-0.010,-0.037
65.249359000,13.112877000,13.347900,43,253.936005,3148,0.0048,0.589,2.505,1.006,0.058,-0.027,-0.024,-0.059,0.106,-0.888,0.017,-0.003,-0.129,0.286,2.495,0.969,1497,1449,1747,1374,64.943,-7.759,33.442,1,81,0,-0.152,0.065,-0.058,-0.145,-0.304,-0.009,-0.037
65.255738000,13.119256000,13.360352,43,78.290146,3149,-0.0061,0.590,2.505,1.006,0.057,-0.025,-0.024,-0.061,0.106,-0.890,-0.016,0.004,-0.139,0.286,2.495,0.969,1497,1449,1747,1373,64.638,-7.768,33.396,1,81,0,-0.152,0.065,-0.057,-0.145,-0.304,-0.009,-0.037
65.265455000,13.128973000,13.370239,43,156.887360,3150,-0.0002,0.591,2.504,1.005,0.058,-0.024,-0.026,-0.063,0.107,-0.892,-0.060,0.033,-0.143,0.286,2.495,0.969,1497,1448,1748,1373,64.333,-7.777,33.351,1,81,0,-0.153,0.064,-0.058,-0.146,-0.305,-0.009,-0.036
65.275418000,13.138936000,13.379761,43,103.007828,3151,0.0004,0.591,2.504,1.005,0.059,-0.021,-0.029,-0.064,0.107,-0.892,-0.096,0.025,-0.113,0.286,2.495,0.969,1498,1448,1750,1373,64.028,-7.785,33.306,1,81,0,-0.153,0.064,-0.059,-0.147,-0.306,-0.009,-0.036
65.303386000,13.166904000,13.390137,43,100.452034,3152,0.0176,0.592,2.504,1.005,0.058,-0.018,-0.031,-0.066,0.108,-0.892,-0.108,0.047,-0.092,0.286,2.495,0.969,1498,1448,1751,1373,63.722,-7.794,33.261,1,81,0,-0.153,0.064,-0.058,-0.147,-0.306,-0.009,-0.036
65.311262000,13.174780000,13.400024,43,35.764099,3153,-0.0020,0.592,2.504,1.004,0.058,-0.015,-0.034,-0.066,0.110,-0.892,-0.083,0.079,-0.080,0.286,2.495,0.969,1499,1448,1752,1373,63.415,-7.803,33.217,1,81,0,-0.153,0.063,-0.058,-0.148,-0.307,-0.009,-0.035
65.311614000,13.175132000,13.410034,43,127.080948,3154,-0.0097,0.593,2.504,1.004,0.058,-0.013,-0.038,-0.066,0.112,-0.892,-0.052,0.111,-0.060,0.286,2.495,0.969,1499,1448,1754,1373,63.107,-7.811,33.174,1,81,0,-0.154,0.063,-0.058,-0.148,-0.307,-0.009,-0.035
65.317293000,13.180811000,13.420044,43,2890.173340,3155,-0.0043,0.594,2.504,1.003,0.058,-0.011,-0.041,-0.065,0.114,-0.893,-0.035,0.133,-0.056,0.286,2.495,0.969,1500,1448,1756,1373,62.799,-7.820,33.131,1,81,0,-0.154,0.063,-0.058,-0.150,-0.308,-0.008,-0.034
65.335597000,13.199115000,13.430054,43,176.180405,3156,0.0083,0.594,2.504,1.003,0.058,-0.011,-0.043,-0.064,0.116,-0.893,0.006,0.151,-0.043,0.286,2.495,0.969,1500,1448,1758,1373,62.491,-7.828,33.089,1,81,0,-0.154,0.062,-0.058,-0.149,-0.309,-0.008,-0.034
65.343818000,13.207336000,13.440063,43,54.656757,3157,-0.0018,0.595,2.504,1.002,0.056,-0.011,-0.042,-0.064,0.118,-0.892,0.002,0.146,-0.015,0.286,2.495,0.969,1500,1448,1758,1373,62.182,-7.836,33.048,1,81,0,-0.155,0.062,-0.056,-0.149,-0.309,-0.008,-0.033
65.352994000,13.216512000,13.450073,43,121.758186,3158,-0.0008,0.596,2.503,1.002,0.066,-0.026,-0.032,-0.051,0.114,-0.903,0.341,0.028,-0.278,0.286,2.495,0.969,1497,1443,1754,1371,61.872,-7.844,33.006,1,81,0,-0.155,0.062,-0.066,-0.159,-0.310,-0.008,-0.033
65.362100000,13.225618000,13.460083,43,109.039360,3159,-0.0009,0.596,2.503,1.002,0.065,-0.023,-0.033,-0.052,0.116,-0.904,0.219,0.064,-0.236,0.286,2.495,0.969,1497,1443,1754,1371,61.561,-7.851,32.965,1,81,0,-0.155,0.062,-0.065,-0.159,-0.311,-0.007,-0.033
65.368566000,13.232084000,13.469849,43,109.914268,3160,-0.0033,0.597,2.503,1.002,0.064,-0.020,-0.032,-0.056,0.118,-0.905,0.062,0.086,-0.205,0.286,2.495,0.969,1498,1444,1754,1371,61.250,-7.858,32.924,1,81,0,-0.156,0.061,-0.064,-0.158,-0.311,-0.007,-0.033
65.376894000,13.240412000,13.479858,43,154.822723,3161,-0.0017,0.597,2.503,1.001,0.063,-0.017,-0.029,-0.057,0.118,-0.906,0.026,0.081,-0.186,0.286,2.495,0.969,1499,1444,1753,1371,60.938,-7.866,32.883,1,81,0,-0.156,0.061,-0.063,-0.158,-0.312,-0.007,-0.032
65.387787000,13.251305000,13.489990,43,120.163422,3162,0.0008,0.598,2.502,1.001,0.063,-0.019,-0.026,-0.057,0.118,-0.908,0.020,0.063,-0.183,0.286,2.495,0.969,1498,1444,1752,1371,60.626,-7.873,32.843,1,81,0,-0.156,0.061,-0.063,-0.158,-0.312,-0.007,-0.032
65.400287000,13.263805000,13.500000,43,91.869545,3163,0.0025,0.599,2.502,1.001,0.058,-0.018,-0.022,-0.058,0.118,-0.908,-0.018,0.048,-0.144,0.286,2.495,0.969,1498,1446,1751,1371,60.313,-7.880,32.803,1,81,0,-0.156,0.060,-0.058,-0.154,-0.313,-0.007,-0.032
65.404554000,13.268072000,13.510010,43,80.051231,3164,-0.0057,0.599,2.502,1.001,0.054,-0.018,-0.019,-0.059,0.118,-0.909,-0.043,0.021,-0.133,0.286,2.495,0.969,1498,1448,1750,1371,59.999,-7.886,32.763,1,81,0,-0.157,0.060,-0.054,-0.151,-0.313,-0.007,-0.032
65.415442000,13.278960000,13.519897,43,234.686691,3165,0.0010,0.599,2.502,1.001,0.054,-0.015,-0.017,-0.062,0.118,-0.910,-0.091,0.014,-0.121,0.286,2.495,0.969,1499,1448,1749,1371,59.685,-7.893,32.723,1,81,0,-0.157,0.060,-0.054,-0.151,-0.314,-0.007,-0.032
65.428135000,13.291653000,13.529907,43,91.903320,3166,0.0027,0.600,2.502,1.001,0.052,-0.016,-0.013,-0.063,0.117,-0.912,-0.087,-0.001,-0.136,0.286,2.495,0.969,1499,1449,1748,1370,59.371,-7.899,32.683,1,81,0,-0.157,0.059,-0.052,-0.150,-0.314,-0.006,-0.032
65.441227000,13.304745000,13.540039,43,78.827057,3167,0.0030,0.600,2.502,1.001,0.049,-0.014,-0.011,-0.064,0.117,-0.913,-0.100,-0.015,-0.124,0.286,2.495,0.969,1499,1450,1747,1370,59.056,-7.905,32.643,1,81,0,-0.157,0.059,-0.049,-0.148,-0.315,-0.006,-0.032
65.452401000,13.315919000,13.550049,43,76.423386,3168,0.0012,0.601,2.502,1.001,0.046,-0.013,-0.009,-0.065,0.116,-0.914,-0.092,-0.017,-0.109,0.286,2.495,0.969,1499,1452,1747,1370,58.741,-7.912,32.603,1,81,0,-0.158,0.059,-0.046,-0.144,-0.315,-0.006,-0.032
65.463030000,13.326548000,13.560059,43,89.541550,3169,0.0006,0.601,2.502,1.001,0.043,-0.012,-0.007,-0.064,0.116,-0.915,-0.061,-0.014,-0.114,0.286,2.495,0.969,1499,1453,1746,1370,58.426,-7.918,32.563,1,81,0,-0.158,0.058,-0.043,-0.142,-0.315,-0.006,-0.032
65.472292000,13.335810000,13.570068,43,94.135368,3170,-0.0008,0.601,2.501,1.001,0.042,-0.011,-0.005,-0.062,0.117,-0.916,0.007,-0.007,-0.118,0.286,2.495,0.969,1499,1453,1745,1370,58.110,-7.924,32.523,1,81,0,-0.158,0.058,-0.042,-0.142,-0.316,-0.006,-0.032
65.475519000,13.339037000,13.580200,43,108.061378,3171,-0.0069,0.602,2.501,1.001,0.042,-0.011,-0.004,-0.060,0.117,-0.917,0.064,-0.004,-0.104,0.286,2.495,0.969,1499,1454,1745,1370,57.794,-7.930,32.484,1,81,0,-0.158,0.058,-0.042,-0.142,-0.316,-0.006,-0.032
65.484825000,13.348343000,13.589478,43,310.462585,3172,0.0000,0.602,2.501,1.001,0.043,-0.008,-0.005,-0.059,0.117,-0.917,0.060,0.010,-0.073,0.286,2.495,0.969,1500,1453,1745,1370,57.477,-7.936,32.444,1,81,0,-0.158,0.057,-0.043,-0.144,-0.317,-0.006,-0.032
65.499366000,13.362884000,13.599854,43,107.550011,3173,0.0042,0.603,2.501,1.001,0.042,-0.007,-0.005,-0.060,0.117,-0.917,0.039,0.009,-0.062,0.286,2.495,0.969,1500,1453,1746,1370,57.160,-7.942,32.404,1,81,0,-0.159,0.057,-0.042,-0.143,-0.317,-0.006,-0.032
65.504235000,13.367753000,13.608765,43,68.808914,3174,-0.0040,0.603,2.501,1.001,0.043,-0.005,-0.005,-0.061,0.117,-0.918,-0.004,0.016,-0.073,0.286,2.495,0.969,1500,1453,1746,1370,56.843,-7.948,32.365,1,81,0,-0.159,0.057,-0.043,-0.145,-0.317,-0.006,-0.032
65.515407000,13.378925000,13.619995,43,205.676682,3175,-0.0001,0.603,2.501,1.001,0.041,-0.005,-0.004,-0.061,0.118,-0.919,-0.012,0.022,-0.089,0.286,2.495,0.969,1500,1453,1745,1369,56.525,-7.953,32.325,1,81,0,-0.159,0.057,-0.041,-0.144,-0.318,-0.006,-0.032
65.524775000,13.388293000,13.629883,43,89.573631,3176,-0.0005,0.604,2.501,1.001,0.043,-0.005,-0.002,-0.062,0.118,-0.921,-0.030,0.016,-0.103,0.286,2.495,0.969,1501,1452,1745,1369,56.206,-7.959,32.285,1,81,0,-0.159,0.056,-0.043,-0.146,-0.318,-0.006,-0.032
65.540822000,13.404340000,13.640015,43,106.837608,3177,0.0059,0.604,2.501,1.001,0.042,-0.004,-0.002,-0.062,0.118,-0.922,-0.032,0.007,-0.099,0.286,2.495,0.969,1501,1453,1745,1369,55.888,-7.965,32.246,1,81,0,-0.159,0.056,-0.042,-0.146,-0.319,-0.006,-0.032
65.544535000,13.408053000,13.650146,43,62.344139,3178,-0.0065,0.605,2.501,1.001,0.042,-0.003,-0.003,-0.063,0.117,-0.922,-0.035,-0.009,-0.079,0.286,2.495,0.969,1501,1452,1745,1369,55.568,-7.971,32.206,1,81,0,-0.160,0.056,-0.042,-0.147,-0.319,-0.006,-0.032
65.555935000,13.419453000,13.660034,43,272.405334,3179,0.0015,0.605,2.501,1.001,0.043,-0.004,-0.002,-0.063,0.117,-0.923,-0.018,-0.020,-0.073,0.286,2.495,0.969,1501,1452,1745,1369,55.249,-7.977,32.167,1,81,0,-0.160,0.055,-0.043,-0.148,-0.320,-0.006,-0.032
65.564326000,13.427844000,13.669922,43,87.780899,3180,-0.0015,0.606,2.501,1.001,0.044,-0.003,-0.002,-0.063,0.116,-0.923,-0.028,-0.024,-0.060,0.286,2.495,0.969,1501,1451,1745,1369,54.929,-7.982,32.127,1,81,0,-0.160,0.055,-0.044,-0.149,-0.320,-0.006,-0.032
65.574394000,13.437912000,13.679810,43,119.260582,3181,0.0002,0.606,2.501,1.001,0.043,-0.003,-0.002,-0.063,0.117,-0.923,-0.013,-0.009,-0.059,0.286,2.495,0.969,1501,1451,1745,1369,54.608,-7.988,32.087,1,81,0,-0.160,0.055,-0.043,-0.149,-0.321,-0.006,-0.032
65.589131000,13.452649000,13.689209,43,99.403580,3182,0.0053,0.607,2.501,1.001,0.043,-0.005,-0.002,-0.062,0.117,-0.925,-0.001,-0.007,-0.081,0.286,2.495,0.969,1501,1452,1745,1369,54.287,-7.994,32.048,1,81,0,-0.160,0.054,-0.043,-0.149,-0.321,-0.006,-0.032
65.595483000,13.459001000,13.700195,43,67.893272,3183,-0.0046,0.607,2.501,1.001,0.041,-0.005,-0.003,-0.063,0.117,-0.926,-0.011,-0.005,-0.085,0.286,2.495,0.969,1500,1452,1745,1368,53.966,-7.999,32.009,1,81,0,-0.161,0.054,-0.041,-0.148,-0.321,-0.006,-0.032
65.605561000,13.469079000,13.709961,43,157.554749,3184,0.0003,0.607,2.501,1.001,0.041,-0.006,-0.002,-0.062,0.117,-0.927,0.004,-0.004,-0.094,0.286,2.495,0.969,1500,1452,1744,1368,53.644,-8.005,31.969,1,81,0,-0.161,0.054,-0.041,-0.148,-0.322,-0.005,-0.032
65.615947000,13.479465000,13.719971,43,99.304863,3185,0.0004,0.608,2.501,1.001,0.040,-0.007,-0.002,-0.063,0.116,-0.927,-0.001,-0.007,-0.084,0.286,2.495,0.969,1500,1453,1744,1368,53.322,-8.010,31.930,1,81,0,-0.161,0.053,-0.040,-0.148,-0.322,-0.005,-0.031
65.626350000,13.489868000,13.729980,43,96.357681,3186,0.0004,0.608,2.501,1.001,0.039,-0.007,-0.003,-0.062,0.116,-0.928,0.017,-0.015,-0.084,0.286,2.495,0.969,1500,1453,1744,1368,53.000,-8.015,31.891,1,81,0,-0.161,0.053,-0.039,-0.147,-0.322,-0.005,-0.031
65.642510000,13.506028000,13.739990,43,96.200096,3187,0.0061,0.608,2.501,1.000,0.037,-0.008,-0.006,-0.062,0.117,-0.928,0.007,0.005,-0.067,0.286,2.495,0.969,1500,1454,1745,1368,52.677,-8.021,31.851,1,81,0,-0.161,0.053,-0.037,-0.146,-0.323,-0.005,-0.031
65.666739000,13.530257000,13.748901,43,61.911839,3188,0.0153,0.609,2.501,1.000,0.036,-0.009,-0.008,-0.063,0.117,-0.928,-0.023,0.027,-0.051,0.286,2.495,0.969,1500,1454,1746,1368,52.354,-8.026,31.812,1,81,0,-0.162,0.052,-0.036,-0.145,-0.323,-0.005,-0.031
65.675198000,13.538716000,13.760010,43,41.286488,3189,-0.0027,0.609,2.500,1.000,0.034,-0.008,-0.009,-0.064,0.118,-0.928,-0.043,0.027,-0.039,0.286,2.495,0.969,1500,1455,1747,1368,52.031,-8.031,31.774,1,81,0,-0.162,0.052,-0.034,-0.143,-0.323,-0.005,-0.031
65.679188000,13.542706000,13.770020,43,118.301193,3190,-0.0060,0.609,2.500,1.000,0.032,-0.007,-0.011,-0.066,0.119,-0.929,-0.083,0.041,-0.031,0.286,2.495,0.969,1500,1456,1748,1368,51.707,-8.036,31.735,1,81,0,-0.162,0.052,-0.032,-0.143,-0.324,-0.005,-0.031
65.679412000,13.542930000,13.780029,43,251.004013,3191,-0.0098,0.609,2.500,1.000,0.031,-0.007,-0.012,-0.067,0.119,-0.929,-0.088,0.041,-0.044,0.286,2.495,0.969,1500,1456,1748,1368,51.383,-8.041,31.697,1,81,0,-0.162,0.051,-0.031,-0.142,-0.324,-0.005,-0.031
65.686016000,13.549534000,13.790405,43,4566.209961,3192,-0.0038,0.610,2.500,1.000,0.030,-0.007,-0.014,-0.068,0.119,-0.930,-0.071,0.041,-0.053,0.286,2.495,0.969,1500,1457,1749,1368,51.059,-8.045,31.658,1,81,0,-0.162,0.051,-0.030,-0.141,-0.324,-0.005,-0.031
65.696793000,13.560311000,13.799927,43,151.515152,3193,0.0012,0.610,2.500,0.999,0.029,-0.008,-0.015,-0.067,0.120,-0.932,-0.042,0.039,-0.075,0.286,2.495,0.969,1500,1457,1750,1368,50.735,-8.050,31.621,1,81,0,-0.162,0.051,-0.029,-0.141,-0.324,-0.005,-0.030
65.704682000,13.568200000,13.810059,43,92.859131,3194,-0.0022,0.610,2.500,0.999,0.029,-0.010,-0.015,-0.066,0.120,-0.932,-0.008,0.048,-0.078,0.286,2.495,0.969,1499,1457,1750,1368,50.410,-8.055,31.583,1,81,0,-0.162,0.050,-0.029,-0.141,-0.325,-0.005,-0.030
65.714635000,13.578153000,13.820312,43,126.839165,3195,-0.0003,0.611,2.500,0.999,0.028,-0.010,-0.016,-0.064,0.121,-0.934,0.041,0.037,-0.087,0.286,2.495,0.969,1499,1457,1751,1367,50.085,-8.059,31.545,1,81,0,-0.162,0.050,-0.028,-0.141,-0.325,-0.004,-0.030
65.727093000,13.590611000,13.829834,43,100.563156,3196,0.0029,0.611,2.500,0.999,0.028,-0.008,-0.019,-0.064,0.120,-0.934,0.039,0.018,-0.071,0.286,2.495,0.969,1500,1457,1752,1367,49.760,-8.064,31.508,1,81,0,-0.163,0.050,-0.028,-0.141,-0.325,-0.004,-0.030
65.747379000,13.610897000,13.839966,43,80.321281,3197,0.0101,0.611,2.500,0.999,0.029,-0.007,-0.021,-0.064,0.121,-0.934,0.019,0.044,-0.068,0.286,2.495,0.969,1500,1457,1753,1367,49.434,-8.068,31.471,1,81,0,-0.163,0.049,-0.029,-0.142,-0.326,-0.004,-0.029
65.759966000,13.623484000,13.849976,43,49.309666,3198,0.0026,0.611,2.500,0.998,0.028,-0.008,-0.021,-0.064,0.123,-0.935,0.014,0.068,-0.070,0.286,2.495,0.969,1500,1457,1753,1367,49.109,-8.072,31.435,1,81,0,-0.163,0.049,-0.028,-0.142,-0.326,-0.004,-0.029
65.760320000,13.623838000,13.859985,43,79.497574,3199,-0.0097,0.612,2.500,0.998,0.027,-0.007,-0.021,-0.064,0.124,-0.936,0.023,0.075,-0.068,0.286,2.495,0.969,1500,1457,1754,1367,48.783,-8.076,31.399,1,81,0,-0.163,0.049,-0.027,-0.141,-0.326,-0.004,-0.029
65.765780000,13.629298000,13.869995,43,2865.329590,3200,-0.0046,0.612,2.500,0.998,0.025,-0.006,-0.020,-0.065,0.124,-0.936,-0.004,0.066,-0.059,0.286,2.495,0.969,1500,1458,1753,1367,48.456,-8.081,31.363,1,81,0,-0.163,0.048,-0.025,-0.140,-0.326,-0.004,-0.029
65.775172000,13.638690000,13.880005,43,183.250870,3201,-0.0006,0.612,2.500,0.998,0.024,-0.004,-0.019,-0.066,0.125,-0.936,-0.030,0.061,-0.050,0.286,2.495,0.969,1500,1458,1753,1367,48.130,-8.085,31.327,1,81,0,-0.163,0.048,-0.024,-0.140,-0.326,-0.004,-0.029
65.784903000,13.648421000,13.890015,43,106.564362,3202,-0.0003,0.612,2.500,0.998,0.023,-0.003,-0.018,-0.066,0.125,-0.937,-0.025,0.044,-0.059,0.286,2.495,0.969,1501,1459,1753,1367,47.803,-8.089,31.291,1,81,0,-0.163,0.048,-0.023,-0.139,-0.327,-0.004,-0.029
65.796673000,13.660191000,13.899902,43,102.848915,3203,0.0019,0.612,2.500,0.997,0.023,-0.001,-0.018,-0.066,0.125,-0.938,-0.020,0.035,-0.057,0.286,2.495,0.969,1501,1459,1753,1367,47.476,-8.093,31.256,1,81,0,-0.163,0.047,-0.023,-0.139,-0.327,-0.004,-0.028
65.804868000,13.668386000,13.909424,43,85.012329,3204,-0.0013,0.613,2.500,0.997,0.023,-0.001,-0.018,-0.066,0.125,-0.938,-0.011,0.042,-0.048,0.286,2.495,0.969,1501,1459,1753,1367,47.149,-8.098,31.220,1,81,0,-0.164,0.047,-0.023,-0.139,-0.327,-0.004,-0.028
65.814470000,13.677988000,13.920044,43,122.144867,3205,-0.0010,0.613,2.500,0.997,0.021,0.000,-0.017,-0.065,0.126,-0.938,0.002,0.039,-0.033,0.286,2.495,0.969,1501,1460,1753,1367,46.822,-8.102,31.185,1,81,0,-0.164,0.047,-0.021,-0.138,-0.327,-0.004,-0.028
65.826107000,13.689625000,13.930054,43,104.231812,3206,0.0016,0.613,2.500,0.997,0.020,0.001,-0.017,-0.064,0.126,-0.938,0.032,0.029,-0.030,0.286,2.495,0.969,1501,1460,1753,1367,46.495,-8.106,31.150,1,81,0,-0.164,0.046,-0.020,-0.137,-0.327,-0.004,-0.028
65.850532000,13.714050000,13.940186,43,85.991920,3207,0.0143,0.613,2.500,0.997,0.019,0.002,-0.014,-0.064,0.127,-0.938,0.022,0.048,-0.012,0.286,2.495,0.969,1501,1461,1753,1367,46.167,-8.111,31.116,1,81,0,-0.164,0.046,-0.019,-0.136,-0.328,-0.004,-0.028
65.864048000,13.727566000,13.949951,43,40.953396,3208,0.0037,0.613,2.500,0.997,0.017,0.003,-0.012,-0.065,0.127,-0.937,0.005,0.053,-0.005,0.286,2.495,0.969,1502,1462,1752,1367,45.839,-8.115,31.081,1,81,0,-0.164,0.046,-0.017,-0.135,-0.328,-0.004,-0.028
65.864403000,13.727921000,13.959351,43,74.024727,3209,-0.0090,0.613,2.500,0.997,0.015,0.002,-0.011,-0.064,0.127,-0.938,0.031,0.037,-0.019,0.286,2.495,0.969,1502,1462,1752,1367,45.512,-8.120,31.046,1,81,0,-0.164,0.046,-0.015,-0.133,-0.328,-0.004,-0.028
65.868602000,13.732120000,13.970215,43,2857.142822,3210,-0.0067,0.613,2.500,0.997,0.014,0.002,-0.010,-0.064,0.127,-0.938,0.025,0.032,-0.014,0.286,2.495,0.969,1502,1463,1751,1367,45.184,-8.124,31.012,1,81,0,-0.164,0.045,-0.014,-0.132,-0.328,-0.004,-0.028
65.876584000,13.740102000,13.979980,43,238.379028,3211,-0.0018,0.614,2.500,0.997,0.012,0.003,-0.009,-0.064,0.128,-0.938,0.019,0.036,-0.001,0.286,2.495,0.969,1502,1464,1750,1367,44.856,-8.129,30.977,1,81,0,-0.164,0.045,-0.012,-0.131,-0.328,-0.005,-0.028
65.884484000,13.748002000,13.989624,43,125.407578,3212,-0.0017,0.614,2.500,0.997,0.011,0.002,-0.008,-0.063,0.127,-0.938,0.032,0.013,0.001,0.286,2.495,0.969,1502,1464,1750,1367,44.528,-8.133,30.943,1,81,0,-0.164,0.045,-0.011,-0.130,-0.328,-0.005,-0.027
65.899095000,13.762613000,13.999878,43,126.662445,3213,0.0044,0.614,2.500,0.996,0.010,0.002,-0.008,-0.062,0.127,-0.937,0.037,0.007,0.012,0.286,2.495,0.969,1501,1465,1750,1367,44.200,-8.138,30.909,1,81,0,-0.164,0.044,-0.010,-0.129,-0.328,-0.005,-0.027
65.906928000,13.770446000,14.010010,43,68.469704,3214,-0.0023,0.614,2.500,0.996,0.008,0.002,-0.007,-0.062,0.128,-0.937,0.029,0.015,0.022,0.286,2.495,0.969,1502,1465,1750,1367,43.872,-8.142,30.875,1,81,0,-0.164,0.044,-0.008,-0.128,-0.328,-0.005,-0.027
65.914484000,13.778002000,14.020020,43,127.795525,3215,-0.0025,0.614,2.500,0.996,0.007,0.002,-0.007,-0.062,0.128,-0.936,0.026,0.010,0.021,0.286,2.495,0.969,1502,1466,1749,1367,43.544,-8.147,30.840,1,81,0,-0.164,0.044,-0.007,-0.128,-0.328,-0.005,-0.027
65.925343000,13.788861000,14.030029,43,132.432785,3216,0.0008,0.614,2.500,0.996,0.007,0.003,-0.006,-0.061,0.128,-0.936,0.036,0.018,0.019,0.286,2.495,0.969,1502,1466,1749,1367,43.215,-8.151,30.806,1,81,0,-0.164,0.043,-0.007,-0.128,-0.328,-0.005,-0.027
65.936281000,13.799799000,14.039795,43,92.157402,3217,0.0012,0.614,2.500,0.996,0.007,0.003,-0.006,-0.062,0.129,-0.936,0.019,0.043,0.029,0.286,2.495,0.969,1502,1466,1749,1367,42.887,-8.156,30.772,1,81,0,-0.164,0.043,-0.007,-0.128,-0.328,-0.005,-0.027
65.950346000,13.813864000,14.049927,43,91.491310,3218,0.0039,0.614,2.500,0.996,0.007,0.004,-0.007,-0.061,0.129,-0.936,0.026,0.037,0.017,0.286,2.495,0.969,1502,1465,1750,1367,42.559,-8.161,30.738,1,81,0,-0.164,0.043,-0.007,-0.129,-0.328,-0.005,-0.027
65.959595000,13.823113000,14.060059,43,71.128815,3219,-0.0009,0.614,2.500,0.996,0.008,0.005,-0.008,-0.060,0.130,-0.936,0.042,0.041,0.007,0.286,2.495,0.969,1502,1465,1750,1367,42.230,-8.166,30.705,1,81,0,-0.164,0.042,-0.008,-0.130,-0.328,-0.005,-0.027
65.967210000,13.830728000,14.069824,43,108.201691,3220,-0.0022,0.614,2.500,0.996,0.009,0.005,-0.009,-0.060,0.131,-0.936,0.041,0.057,0.003,0.286,2.495,0.969,1502,1465,1751,1367,41.902,-8.171,30.671,1,81,0,-0.164,0.042,-0.009,-0.131,-0.329,-0.005,-0.027
65.974435000,13.837953000,14.079834,43,131.423309,3221,-0.0028,0.614,2.500,0.996,0.010,0.004,-0.009,-0.058,0.131,-0.937,0.079,0.055,-0.024,0.286,2.495,0.969,1502,1464,1751,1367,41.573,-8.175,30.638,1,81,0,-0.164,0.042,-0.010,-0.132,-0.329,-0.005,-0.027
65.987692000,13.851210000,14.089966,43,138.561722,3222,0.0031,0.614,2.500,0.996,0.010,0.003,-0.009,-0.056,0.132,-0.938,0.106,0.047,-0.034,0.286,2.495,0.969,1502,1464,1751,1367,41.244,-8.180,30.604,1,81,0,-0.164,0.041,-0.010,-0.133,-0.329,-0.005,-0.027
65.994377000,13.857895000,14.100098,43,75.477394,3223,-0.0035,0.614,2.500,0.996,0.010,0.002,-0.009,-0.055,0.132,-0.938,0.098,0.040,-0.029,0.286,2.495,0.969,1502,1464,1751,1367,40.915,-8.185,30.571,1,81,0,-0.164,0.041,-0.010,-0.133,-0.329,-0.005,-0.027
66.005448000,13.868966000,14.110107,43,149.767853,3224,0.0011,0.615,2.500,0.996,0.009,0.003,-0.010,-0.056,0.132,-0.938,0.070,0.042,-0.013,0.286,2.495,0.969,1502,1464,1752,1367,40.586,-8.190,30.538,1,81,0,-0.164,0.041,-0.009,-0.133,-0.329,-0.005,-0.026
66.014489000,13.878007000,14.119995,43,90.391396,3225,-0.0009,0.615,2.500,0.995,0.008,0.002,-0.009,-0.055,0.133,-0.938,0.054,0.040,-0.012,0.286,2.495,0.969,1502,1464,1751,1367,40.257,-8.195,30.505,1,81,0,-0.164,0.040,-0.008,-0.132,-0.329,-0.005,-0.026
66.025148000,13.888666000,14.129883,43,110.705193,3226,0.0008,0.615,2.500,0.995,0.006,0.002,-0.007,-0.056,0.133,-0.938,0.019,0.052,-0.009,0.286,2.495,0.969,1502,1465,1751,1367,39.928,-8.200,30.472,1,81,0,-0.165,0.040,-0.006,-0.131,-0.329,-0.005,-0.026
66.035117000,13.898635000,14.138428,43,93.896713,3227,0.0014,0.615,2.500,0.995,0.005,0.001,-0.007,-0.058,0.134,-0.938,-0.023,0.044,-0.024,0.286,2.495,0.969,1501,1466,1751,1367,39.599,-8.205,30.439,1,81,0,-0.165,0.040,-0.005,-0.130,-0.329,-0.005,-0.026
66.066184000,13.929702000,14.150024,43,100.391525,3228,0.0195,0.615,2.500,0.995,0.004,0.000,-0.006,-0.059,0.133,-0.939,-0.049,0.025,-0.028,0.286,2.495,0.969,1501,1466,1750,1367,39.270,-8.210,30.406,1,81,0,-0.165,0.039,-0.004,-0.129,-0.329,-0.005,-0.026
66.077891000,13.941409000,14.159912,43,32.196785,3229,0.0018,0.615,2.500,0.995,0.003,-0.002,-0.004,-0.059,0.133,-0.940,-0.031,0.007,-0.039,0.286,2.495,0.969,1501,1467,1750,1367,38.941,-8.215,30.373,1,81,0,-0.165,0.039,-0.003,-0.129,-0.329,-0.005,-0.026
66.091150000,13.954668000,14.169922,43,85.484695,3230,0.0032,0.615,2.500,0.995,0.002,-0.003,-0.003,-0.058,0.132,-0.940,-0.012,-0.004,-0.043,0.286,2.495,0.969,1501,1467,1749,1366,38.612,-8.219,30.340,1,81,0,-0.165,0.039,-0.002,-0.128,-0.329,-0.005,-0.026
66.099108000,13.962626000,14.180054,43,75.454613,3231,-0.0022,0.615,2.500,0.995,0.000,-0.004,-0.001,-0.058,0.132,-0.941,0.005,-0.023,-0.055,0.286,2.495,0.969,1500,1468,1749,1366,38.283,-8.224,30.307,1,81,0,-0.164,0.038,-0.000,-0.126,-0.329,-0.005,-0.026
66.099460000,13.962978000,14.190063,43,125.738716,3232,-0.0097,0.615,2.500,0.996,-0.001,-0.004,0.001,-0.058,0.131,-0.942,0.002,-0.025,-0.055,0.286,2.495,0.969,1500,1468,1748,1366,37.954,-8.229,30.274,1,81,0,-0.164,0.038,0.001,-0.126,-0.329,-0.005,-0.026
66.099673000,13.963191000,14.200073,43,2873.563232,3233,-0.0098,0.614,2.500,0.996,-0.003,-0.003,0.002,-0.058,0.131,-0.942,0.006,-0.025,-0.049,0.286,2.495,0.969,1501,1469,1747,1366,37.626,-8.233,30.241,1,81,0,-0.164,0.038,0.003,-0.124,-0.329,-0.005,-0.027
66.104650000,13.968168000,14.210083,43,4761.904785,3234,-0.0050,0.614,2.500,0.996,-0.004,-0.002,0.002,-0.058,0.131,-0.942,-0.010,-0.022,-0.039,0.286,2.495,0.969,1501,1470,1747,1366,37.297,-8.238,30.208,1,81,0,-0.164,0.037,0.004,-0.123,-0.329,-0.005,-0.027
66.114797000,13.978315000,14.219849,43,201.005020,3235,0.0004,0.614,2.500,0.996,-0.005,-0.002,0.004,-0.057,0.131,-0.942,0.017,-0.016,-0.033,0.286,2.495,0.969,1501,1470,1747,1366,36.968,-8.242,30.175,1,81,0,-0.164,0.037,0.005,-0.123,-0.329,-0.005,-0.027
66.124755000,13.988273000,14.229736,43,98.629059,3236,0.0001,0.614,2.500,0.996,-0.005,-0.001,0.004,-0.057,0.131,-0.942,0.025,-0.010,-0.019,0.286,2.495,0.969,1501,1470,1747,1366,36.639,-8.247,30.141,1,81,0,-0.164,0.037,0.005,-0.122,-0.329,-0.005,-0.027
66.135676000,13.999194000,14.239990,43,100.512611,3237,0.0007,0.614,2.500,0.996,-0.006,-0.001,0.004,-0.056,0.130,-0.942,0.041,-0.026,-0.017,0.286,2.495,0.969,1501,1470,1746,1366,36.311,-8.252,30.108,1,81,0,-0.164,0.036,0.006,-0.122,-0.329,-0.005,-0.027
66.167409000,14.030927000,14.250000,43,91.625435,3238,0.0217,0.614,2.500,0.996,-0.006,-0.000,0.005,-0.056,0.130,-0.942,0.041,-0.029,-0.018,0.286,2.495,0.969,1501,1470,1746,1366,35.982,-8.256,30.074,1,81,0,-0.164,0.036,0.006,-0.122,-0.329,-0.005,-0.027
66.174052000,14.037570000,14.260010,43,31.519890,3239,-0.0034,0.614,2.500,0.996,-0.007,0.001,0.007,-0.056,0.130,-0.942,0.026,-0.030,-0.016,0.286,2.495,0.969,1501,1471,1745,1366,35.654,-8.261,30.041,1,81,0,-0.164,0.036,0.007,-0.122,-0.328,-0.005,-0.027
66.174470000,14.037988000,14.269897,43,150.670486,3240,-0.0095,0.614,2.500,0.996,-0.007,0.002,0.007,-0.056,0.129,-0.942,0.024,-0.036,-0.014,0.286,2.495,0.969,1502,1471,1745,1366,35.326,-8.266,30.007,1,81,0,-0.164,0.035,0.007,-0.122,-0.328,-0.005,-0.027
66.178717000,14.042235000,14.279907,43,2427.184570,3241,-0.0058,0.614,2.500,0.996,-0.008,0.002,0.008,-0.057,0.129,-0.942,-0.008,-0.036,-0.002,0.286,2.495,0.969,1502,1471,1744,1366,34.997,-8.271,29.973,1,81,0,-0.164,0.035,0.008,-0.121,-0.328,-0.005,-0.027
66.185675000,14.049193000,14.289917,43,235.682297,3242,-0.0031,0.614,2.500,0.996,-0.009,0.003,0.008,-0.058,0.128,-0.942,-0.035,-0.037,0.006,0.286,2.495,0.969,1502,1471,1743,1366,34.669,-8.275,29.939,1,81,0,-0.164,0.035,0.009,-0.121,-0.328,-0.005,-0.027
66.193678000,14.057196000,14.298462,43,143.884888,3243,-0.0005,0.614,2.500,0.996,-0.009,0.003,0.008,-0.058,0.128,-0.941,-0.025,-0.044,0.013,0.286,2.495,0.969,1502,1472,1744,1366,34.341,-8.280,29.905,1,81,0,-0.164,0.034,0.009,-0.120,-0.328,-0.005,-0.027
66.206716000,14.070234000,14.310059,43,125.078171,3244,0.0014,0.614,2.500,0.996,-0.009,0.003,0.007,-0.058,0.127,-0.941,-0.032,-0.046,0.009,0.286,2.495,0.969,1502,1471,1744,1366,34.013,-8.285,29.871,1,81,0,-0.164,0.034,0.009,-0.121,-0.328,-0.005,-0.027
66.217465000,14.080983000,14.320068,43,76.734192,3245,0.0007,0.613,2.500,0.996,-0.008,0.003,0.008,-0.059,0.127,-0.942,-0.038,-0.039,0.006,0.286,2.495,0.969,1502,1471,1743,1366,33.686,-8.290,29.837,1,81,0,-0.164,0.034,0.008,-0.122,-0.328,-0.005,-0.027
66.225061000,14.088579000,14.330078,43,93.101204,3246,-0.0024,0.613,2.500,0.997,-0.008,0.003,0.007,-0.059,0.126,-0.942,-0.022,-0.053,-0.005,0.286,2.495,0.969,1502,1471,1743,1366,33.358,-8.295,29.803,1,81,0,-0.164,0.033,0.008,-0.123,-0.328,-0.005,-0.027
66.236113000,14.099631000,14.339966,43,131.734955,3247,0.0012,0.613,2.500,0.997,-0.008,0.004,0.006,-0.060,0.125,-0.942,-0.052,-0.062,0.000,0.286,2.495,0.969,1502,1471,1744,1366,33.030,-8.300,29.768,1,81,0,-0.164,0.033,0.008,-0.123,-0.328,-0.005,-0.027
66.258630000,14.122148000,14.349976,43,90.538704,3248,0.0125,0.613,2.501,0.997,-0.008,0.005,0.007,-0.060,0.125,-0.942,-0.036,-0.059,-0.010,0.286,2.495,0.969,1502,1471,1743,1366,32.702,-8.305,29.734,1,81,0,-0.164,0.033,0.008,-0.124,-0.328,-0.005,-0.028
66.266649000,14.130167000,14.359985,43,44.426674,3249,-0.0020,0.613,2.501,0.997,-0.008,0.006,0.008,-0.060,0.124,-0.943,-0.034,-0.048,-0.018,0.286,2.495,0.969,1502,1471,1743,1366,32.375,-8.310,29.699,1,81,0,-0.164,0.032,0.008,-0.124,-0.328,-0.005,-0.028
66.266935000,14.130453000,14.369995,43,124.843948,3250,-0.0097,0.613,2.501,0.997,-0.009,0.007,0.006,-0.060,0.124,-0.943,-0.024,-0.044,-0.018,0.286,2.495,0.969,1503,1471,1743,1366,32.047,-8.316,29.665,1,81,0,-0.164,0.032,0.009,-0.123,-0.327,-0.005,-0.028
66.280650000,14.144168000,14.380127,43,3571.428467,3251,0.0036,0.613,2.501,0.997,-0.009,0.007,0.006,-0.060,0.124,-0.943,-0.013,-0.045,-0.010,0.286,2.495,0.969,1503,1471,1744,1366,31.720,-8.321,29.630,1,81,0,-0.164,0.032,0.009,-0.123,-0.327,-0.005,-0.028
66.287396000,14.150914000,14.390015,43,72.923500,3252,-0.0031,0.613,2.501,0.997,-0.009,0.007,0.007,-0.059,0.123,-0.943,0.020,-0.044,-0.017,0.286,2.495,0.969,1503,1471,1743,1366,31.393,-8.326,29.595,1,81,0,-0.164,0.031,0.009,-0.123,-0.327,-0.005,-0.028
66.298482000,14.162000000,14.400024,43,148.367950,3253,0.0011,0.613,2.501,0.997,-0.010,0.007,0.006,-0.058,0.123,-0.944,0.038,-0.049,-0.031,0.286,2.495,0.969,1503,1471,1743,1366,31.066,-8.332,29.560,1,81,0,-0.164,0.031,0.010,-0.122,-0.327,-0.005,-0.028
66.319246000,14.182764000,14.409912,43,90.252708,3254,0.0109,0.613,2.501,0.997,-0.011,0.007,0.007,-0.057,0.122,-0.945,0.037,-0.048,-0.054,0.286,2.495,0.969,1503,1472,1743,1366,30.739,-8.337,29.525,1,81,0,-0.163,0.031,0.011,-0.122,-0.327,-0.006,-0.028
66.330067000,14.193585000,14.419922,43,48.178841,3255,0.0008,0.612,2.501,0.997,-0.012,0.007,0.007,-0.057,0.122,-0.946,0.028,-0.035,-0.070,0.286,2.495,0.969,1503,1472,1743,1366,30.412,-8.343,29.490,1,81,0,-0.163,0.030,0.012,-0.121,-0.327,-0.006,-0.028
66.330486000,14.194004000,14.430054,43,92.464172,3256,-0.0097,0.612,2.501,0.997,-0.014,0.007,0.007,-0.056,0.122,-0.947,0.049,-0.036,-0.079,0.286,2.495,0.969,1503,1473,1743,1365,30.085,-8.349,29.455,1,81,0,-0.163,0.030,0.014,-0.119,-0.327,-0.006,-0.028
66.334393000,14.197911000,14.439819,43,2421.307617,3257,-0.0059,0.612,2.501,0.997,-0.015,0.008,0.007,-0.055,0.121,-0.948,0.080,-0.035,-0.076,0.286,2.495,0.969,1503,1474,1743,1365,29.759,-8.355,29.420,1,81,0,-0.163,0.030,0.015,-0.118,-0.326,-0.006,-0.028
66.346444000,14.209962000,14.450073,43,256.147552,3258,0.0018,0.612,2.501,0.997,-0.016,0.007,0.008,-0.054,0.122,-0.947,0.084,-0.019,-0.048,0.286,2.495,0.969,1503,1474,1742,1365,29.432,-8.360,29.385,1,81,0,-0.163,0.029,0.016,-0.118,-0.326,-0.006,-0.028
66.360450000,14.223968000,14.459961,43,83.035789,3259,0.0041,0.612,2.501,0.997,-0.016,0.007,0.007,-0.052,0.122,-0.947,0.099,-0.002,-0.025,0.286,2.495,0.969,1503,1474,1742,1366,29.106,-8.366,29.349,1,81,0,-0.163,0.029,0.016,-0.118,-0.326,-0.006,-0.028
66.365100000,14.228618000,14.469727,43,71.428574,3260,-0.0051,0.612,2.501,0.997,-0.017,0.009,0.006,-0.052,0.122,-0.946,0.084,-0.013,0.004,0.286,2.495,0.969,1503,1475,1743,1366,28.780,-8.372,29.314,1,81,0,-0.163,0.029,0.017,-0.117,-0.326,-0.006,-0.028
66.375668000,14.239186000,14.480225,43,215.377991,3261,0.0001,0.611,2.502,0.998,-0.017,0.008,0.007,-0.051,0.121,-0.946,0.090,-0.019,0.006,0.286,2.495,0.969,1503,1474,1742,1366,28.455,-8.379,29.278,1,81,0,-0.163,0.028,0.017,-0.117,-0.326,-0.006,-0.028
66.384502000,14.248020000,14.489868,43,94.696968,3262,-0.0008,0.611,2.502,0.998,-0.017,0.009,0.009,-0.050,0.122,-0.946,0.083,-0.005,0.006,0.286,2.495,0.969,1503,1474,1742,1366,28.129,-8.385,29.242,1,81,0,-0.163,0.028,0.017,-0.118,-0.326,-0.006,-0.029
66.399840000,14.263358000,14.499878,43,113.301605,3263,0.0053,0.611,2.502,0.998,-0.017,0.011,0.008,-0.051,0.122,-0.946,0.040,-0.003,0.012,0.286,2.495,0.969,1504,1474,1742,1366,27.804,-8.391,29.207,1,81,0,-0.163,0.028,0.017,-0.118,-0.325,-0.006,-0.029
66.405455000,14.268973000,14.509521,43,65.231575,3264,-0.0040,0.611,2.502,0.998,-0.018,0.012,0.009,-0.051,0.121,-0.946,0.028,-0.010,0.003,0.286,2.495,0.969,1504,1474,1741,1366,27.478,-8.398,29.171,1,81,0,-0.163,0.027,0.018,-0.118,-0.325,-0.007,-0.029
66.415320000,14.278838000,14.519775,43,178.348495,3265,-0.0004,0.611,2.502,0.998,-0.017,0.013,0.010,-0.052,0.122,-0.946,0.000,0.001,0.009,0.286,2.495,0.969,1504,1474,1741,1366,27.153,-8.404,29.134,1,81,0,-0.163,0.027,0.017,-0.118,-0.325,-0.007,-0.029
66.425881000,14.289399000,14.529907,43,101.450745,3266,0.0004,0.610,2.502,0.998,-0.017,0.013,0.011,-0.051,0.121,-0.946,0.023,-0.010,0.000,0.286,2.495,0.969,1504,1474,1740,1366,26.828,-8.411,29.098,1,81,0,-0.162,0.027,0.017,-0.118,-0.325,-0.007,-0.029
66.434540000,14.298058000,14.540283,43,94.741829,3267,-0.0017,0.610,2.502,0.998,-0.017,0.014,0.011,-0.050,0.121,-0.946,0.034,-0.006,0.002,0.286,2.495,0.969,1504,1474,1740,1366,26.504,-8.418,29.062,1,81,0,-0.162,0.027,0.017,-0.118,-0.325,-0.007,-0.029
66.447811000,14.311329000,14.550049,43,115.593575,3268,0.0035,0.610,2.503,0.998,-0.017,0.013,0.013,-0.049,0.122,-0.946,0.051,0.005,0.004,0.286,2.495,0.969,1504,1474,1739,1366,26.179,-8.425,29.025,1,81,0,-0.162,0.026,0.017,-0.119,-0.325,-0.007,-0.029
66.465425000,14.328943000,14.559937,43,75.403412,3269,0.0077,0.610,2.503,0.999,-0.017,0.012,0.015,-0.048,0.121,-0.946,0.079,-0.007,-0.001,0.286,2.495,0.969,1504,1474,1737,1366,25.855,-8.433,28.988,1,81,0,-0.162,0.026,0.017,-0.119,-0.324,-0.007,-0.030
66.477061000,14.340579000,14.570068,43,56.795593,3270,0.0015,0.610,2.503,0.999,-0.017,0.011,0.016,-0.046,0.120,-0.946,0.113,-0.043,-0.000,0.286,2.495,0.969,1504,1474,1737,1366,25.531,-8.440,28.951,1,81,0,-0.162,0.026,0.017,-0.119,-0.324,-0.007,-0.030
66.478056000,14.341574000,14.579956,43,85.991920,3271,-0.0089,0.610,2.503,0.999,-0.018,0.009,0.018,-0.043,0.119,-0.946,0.140,-0.062,-0.010,0.286,2.495,0.969,1503,1474,1736,1366,25.207,-8.447,28.913,1,81,0,-0.162,0.025,0.018,-0.119,-0.324,-0.007,-0.030
66.486251000,14.349769000,14.589966,43,1010.101013,3272,-0.0018,0.609,2.503,0.999,-0.017,0.010,0.018,-0.042,0.119,-0.946,0.127,-0.038,-0.013,0.286,2.495,0.969,1504,1474,1735,1366,24.883,-8.455,28.876,1,81,0,-0.162,0.025,0.017,-0.120,-0.324,-0.007,-0.030
66.496890000,14.360408000,14.599976,43,122.129944,3273,0.0006,0.609,2.503,0.999,-0.018,0.011,0.018,-0.042,0.119,-0.947,0.108,-0.020,-0.016,0.286,2.495,0.969,1504,1474,1735,1366,24.559,-8.462,28.838,1,81,0,-0.162,0.025,0.018,-0.119,-0.324,-0.008,-0.030
66.508229000,14.371747000,14.609619,43,94.064529,3274,0.0017,0.609,2.503,1.000,-0.019,0.011,0.019,-0.041,0.120,-0.947,0.104,-0.012,-0.021,0.286,2.495,0.969,1504,1475,1734,1366,24.236,-8.470,28.799,1,81,0,-0.162,0.024,0.019,-0.118,-0.323,-0.008,-0.031
66.515450000,14.378968000,14.619995,43,88.253464,3275,-0.0032,0.609,2.503,1.000,-0.018,0.009,0.021,-0.039,0.119,-0.948,0.137,-0.017,-0.036,0.286,2.495,0.969,1504,1474,1734,1365,23.913,-8.478,28.761,1,81,0,-0.162,0.024,0.018,-0.120,-0.323,-0.008,-0.031
66.524444000,14.387962000,14.629883,43,138.600143,3276,-0.0009,0.609,2.503,1.000,-0.017,0.007,0.021,-0.036,0.119,-0.948,0.163,-0.028,-0.036,0.286,2.495,0.969,1503,1473,1733,1365,23.589,-8.485,28.722,1,81,0,-0.162,0.024,0.017,-0.121,-0.323,-0.008,-0.031
66.543447000,14.406965000,14.639648,43,111.284218,3277,0.0092,0.609,2.503,1.000,-0.017,0.005,0.021,-0.033,0.118,-0.948,0.210,-0.045,-0.032,0.286,2.495,0.969,1503,1473,1733,1365,23.266,-8.493,28.683,1,81,0,-0.161,0.023,0.017,-0.121,-0.323,-0.008,-0.031
66.552571000,14.416089000,14.650024,43,52.645432,3278,-0.0013,0.608,2.503,1.001,-0.016,0.003,0.021,-0.031,0.117,-0.948,0.194,-0.044,-0.014,0.286,2.495,0.969,1502,1473,1733,1365,22.944,-8.501,28.644,1,81,0,-0.161,0.023,0.016,-0.122,-0.323,-0.008,-0.031
66.566581000,14.430099000,14.660034,43,109.673172,3279,0.0040,0.608,2.503,1.001,-0.016,0.001,0.020,-0.029,0.116,-0.948,0.197,-0.059,-0.004,0.286,2.495,0.969,1502,1473,1733,1365,22.621,-8.509,28.604,1,81,0,-0.161,0.023,0.016,-0.123,-0.323,-0.008,-0.032
66.572124000,14.435642000,14.669922,43,71.408173,3280,-0.0044,0.608,2.503,1.001,-0.015,-0.001,0.020,-0.030,0.116,-0.948,0.140,-0.051,-0.003,0.286,2.495,0.969,1502,1472,1733,1365,22.298,-8.516,28.564,1,81,0,-0.161,0.022,0.015,-0.123,-0.323,-0.008,-0.032
66.577321000,14.440839000,14.680054,43,180.635834,3281,-0.0049,0.608,2.503,1.001,-0.015,-0.003,0.019,-0.030,0.116,-0.948,0.092,-0.046,-0.014,0.286,2.495,0.969,1501,1472,1733,1365,21.976,-8.524,28.524,1,81,0,-0.161,0.022,0.015,-0.124,-0.322,-0.007,-0.032
66.587804000,14.451322000,14.690308,43,192.641113,3282,0.0002,0.608,2.503,1.001,-0.015,-0.005,0.018,-0.032,0.115,-0.949,0.024,-0.041,-0.028,0.286,2.495,0.969,1501,1472,1733,1365,21.654,-8.531,28.484,1,81,0,-0.161,0.022,0.015,-0.125,-0.322,-0.007,-0.032
66.596375000,14.459893000,14.699829,43,95.465393,3283,-0.0010,0.608,2.503,1.001,-0.014,-0.010,0.017,-0.034,0.114,-0.950,-0.030,-0.053,-0.052,0.286,2.495,0.969,1500,1472,1733,1365,21.332,-8.538,28.443,1,81,0,-0.161,0.021,0.014,-0.126,-0.322,-0.007,-0.032
66.607380000,14.470898000,14.709839,43,116.767868,3284,0.0010,0.608,2.502,1.002,-0.014,-0.013,0.016,-0.035,0.114,-0.952,-0.047,-0.063,-0.076,0.286,2.495,0.969,1499,1471,1733,1365,21.010,-8.545,28.403,1,81,0,-0.161,0.021,0.014,-0.126,-0.322,-0.007,-0.032
66.617102000,14.480620000,14.719849,43,90.917358,3285,-0.0003,0.608,2.502,1.002,-0.013,-0.016,0.015,-0.036,0.113,-0.952,-0.064,-0.061,-0.072,0.286,2.495,0.969,1499,1471,1734,1365,20.688,-8.552,28.362,1,81,0,-0.161,0.021,0.013,-0.127,-0.322,-0.007,-0.033
66.624614000,14.488132000,14.730103,43,102.944206,3286,-0.0027,0.607,2.502,1.002,-0.012,-0.016,0.013,-0.038,0.112,-0.953,-0.102,-0.062,-0.061,0.286,2.495,0.969,1499,1471,1734,1365,20.366,-8.558,28.321,1,81,0,-0.161,0.020,0.012,-0.128,-0.322,-0.006,-0.033
66.639003000,14.502521000,14.740234,43,133.262253,3287,0.0042,0.607,2.502,1.002,-0.012,-0.017,0.012,-0.040,0.112,-0.952,-0.114,-0.059,-0.041,0.286,2.495,0.969,1498,1470,1735,1365,20.044,-8.564,28.280,1,81,0,-0.161,0.020,0.012,-0.129,-0.322,-0.006,-0.033
66.645719000,14.509237000,14.749756,43,69.536194,3288,-0.0028,0.607,2.502,1.002,-0.012,-0.016,0.010,-0.043,0.112,-0.951,-0.162,-0.041,-0.007,0.286,2.495,0.969,1499,1470,1735,1365,19.723,-8.571,28.239,1,81,0,-0.161,0.020,0.012,-0.129,-0.322,-0.006,-0.033
66.666541000,14.530059000,14.760010,43,149.053513,3289,0.0106,0.607,2.502,1.002,-0.012,-0.014,0.009,-0.046,0.112,-0.950,-0.200,-0.022,0.017,0.286,2.495,0.969,1499,1470,1735,1365,19.401,-8.577,28.198,1,81,0,-0.161,0.019,0.012,-0.129,-0.321,-0.006,-0.033
66.666902000,14.530420000,14.770020,43,48.044586,3290,-0.0097,0.607,2.501,1.002,-0.013,-0.013,0.009,-0.047,0.112,-0.951,-0.186,-0.017,0.007,0.286,2.495,0.969,1499,1471,1735,1365,19.080,-8.583,28.157,1,81,0,-0.161,0.019,0.013,-0.128,-0.321,-0.006,-0.033
66.674479000,14.537997000,14.780151,43,2840.909180,3291,-0.0026,0.607,2.501,1.002,-0.014,-0.011,0.008,-0.049,0.113,-0.951,-0.196,-0.001,0.009,0.286,2.495,0.969,1499,1471,1736,1365,18.759,-8.589,28.116,1,81,0,-0.161,0.019,0.014,-0.127,-0.321,-0.006,-0.033
66.691969000,14.555487000,14.790039,43,132.030624,3292,0.0076,0.607,2.501,1.002,-0.015,-0.010,0.007,-0.050,0.113,-0.951,-0.165,0.008,-0.001,0.286,2.495,0.969,1500,1472,1736,1365,18.438,-8.595,28.075,1,81,0,-0.160,0.018,0.015,-0.127,-0.321,-0.006,-0.033
66.702202000,14.565720000,14.799194,43,57.201694,3293,0.0011,0.606,2.501,1.002,-0.016,-0.008,0.006,-0.050,0.113,-0.951,-0.118,0.011,-0.012,0.286,2.495,0.969,1500,1472,1736,1365,18.117,-8.600,28.034,1,81,0,-0.160,0.018,0.016,-0.126,-0.321,-0.006,-0.033
66.707420000,14.570938000,14.810059,43,97.780388,3294,-0.0057,0.606,2.501,1.002,-0.017,-0.009,0.005,-0.047,0.113,-0.953,-0.030,-0.002,-0.041,0.286,2.495,0.969,1500,1472,1735,1365,17.797,-8.606,27.992,1,81,0,-0.160,0.018,0.017,-0.126,-0.321,-0.006,-0.033
66.719123000,14.582641000,14.819336,43,191.864929,3295,0.0024,0.606,2.501,1.002,-0.019,-0.009,0.005,-0.045,0.113,-0.954,0.032,0.010,-0.057,0.286,2.495,0.969,1500,1473,1736,1365,17.476,-8.612,27.951,1,81,0,-0.160,0.017,0.019,-0.124,-0.320,-0.006,-0.033
66.724119000,14.587637000,14.828125,43,85.506630,3296,-0.0038,0.606,2.501,1.002,-0.020,-0.008,0.005,-0.042,0.113,-0.955,0.110,0.001,-0.089,0.286,2.495,0.969,1500,1474,1735,1364,17.156,-8.617,27.909,1,81,0,-0.160,0.017,0.020,-0.122,-0.320,-0.006,-0.033
66.734593000,14.598111000,14.839233,43,200.481155,3297,-0.0006,0.605,2.501,1.002,-0.021,-0.006,0.004,-0.040,0.113,-0.957,0.144,0.005,-0.104,0.286,2.495,0.969,1500,1474,1736,1364,16.836,-8.623,27.868,1,81,0,-0.160,0.017,0.021,-0.122,-0.320,-0.006,-0.033
66.747517000,14.611035000,14.849976,43,95.520103,3298,0.0022,0.605,2.501,1.002,-0.023,-0.004,0.003,-0.038,0.113,-0.958,0.143,0.001,-0.110,0.286,2.495,0.969,1501,1475,1736,1364,16.517,-8.629,27.826,1,81,0,-0.160,0.017,0.023,-0.120,-0.320,-0.006,-0.033
66.756804000,14.620322000,14.859009,43,77.423347,3299,0.0002,0.605,2.501,1.002,-0.027,-0.003,0.003,-0.036,0.113,-0.960,0.175,0.002,-0.131,0.286,2.495,0.969,1501,1477,1736,1364,16.198,-8.634,27.785,1,81,0,-0.160,0.016,0.027,-0.116,-0.319,-0.006,-0.033
66.790270000,14.653788000,14.859009,0,107.770233,0,0,0.605,2.501,1.002,-0.027,-0.003,0.003,-0.036,0.113,-0.960,0.175,0.002,-0.131,0.000,0.000,0.000,1501,1477,1736,1364,0.000,0.000,0.000,0,81,2,-0.160,0.016,0.027,-0.116,-0.319,-0.006,-0.033
66.805526000,14.669044000,14.870239,43,107.770233,3300,0.0375,0.604,2.501,1.002,-0.029,-0.002,0.003,-0.034,0.114,-0.961,0.173,0.013,-0.131,0.286,2.495,0.969,1501,1478,1736,1363,15.879,-8.640,27.743,1,81,0,-0.159,0.016,0.029,-0.115,-0.319,-0.006,-0.033
66.805889000,14.669407000,14.880005,43,20.527138,3301,-0.0094,0.604,2.501,1.002,-0.033,-0.002,0.003,-0.032,0.114,-0.963,0.185,0.009,-0.148,0.286,2.495,0.969,1501,1480,1736,1363,15.560,-8.646,27.702,1,81,0,-0.159,0.016,0.033,-0.110,-0.318,-0.006,-0.033
66.806101000,14.669619000,14.890381,43,2801.120361,3302,-0.0102,0.604,2.501,1.002,-0.036,-0.001,0.003,-0.030,0.114,-0.964,0.173,0.010,-0.134,0.286,2.495,0.969,1501,1481,1736,1363,15.243,-8.651,27.660,1,81,0,-0.159,0.015,0.036,-0.108,-0.318,-0.006,-0.033
66.806304000,14.669822000,14.900024,43,4784.688965,3303,-0.0094,0.603,2.501,1.002,-0.040,-0.000,0.004,-0.029,0.114,-0.965,0.161,0.017,-0.126,0.286,2.495,0.969,1501,1484,1736,1363,14.925,-8.657,27.619,1,81,0,-0.159,0.015,0.040,-0.103,-0.317,-0.006,-0.033
66.816839000,14.680357000,14.910034,43,5000.000000,3304,0.0005,0.602,2.501,1.002,-0.045,-0.000,0.004,-0.027,0.114,-0.968,0.179,0.021,-0.167,0.286,2.495,0.969,1501,1486,1735,1362,14.608,-8.662,27.577,1,81,0,-0.158,0.015,0.045,-0.099,-0.317,-0.006,-0.033
66.822582000,14.686100000,14.919922,43,94.957741,3305,-0.0042,0.602,2.501,1.002,-0.050,0.002,0.004,-0.026,0.116,-0.969,0.144,0.057,-0.144,0.286,2.495,0.969,1502,1488,1736,1362,14.292,-8.668,27.535,1,81,0,-0.158,0.014,0.050,-0.094,-0.316,-0.006,-0.033
66.825397000,14.688915000,14.930054,43,174.398331,3306,-0.0073,0.601,2.501,1.003,-0.056,0.001,0.005,-0.024,0.117,-0.972,0.173,0.069,-0.177,0.286,2.495,0.969,1502,1492,1735,1362,13.977,-8.674,27.493,1,81,0,-0.158,0.014,0.056,-0.088,-0.315,-0.006,-0.034
66.834636000,14.698154000,14.940063,43,355.998566,3307,-0.0008,0.599,2.501,1.003,-0.083,-0.002,0.014,-0.026,0.112,-0.969,0.067,-0.065,-0.070,0.286,2.495,0.969,1501,1505,1731,1362,13.663,-8.679,27.451,1,81,0,-0.157,0.014,0.083,-0.060,-0.314,-0.006,-0.034
66.846071000,14.709589000,14.950073,43,108.330627,3308,0.0014,0.598,2.501,1.003,-0.085,-0.007,0.017,-0.026,0.108,-0.971,0.065,-0.149,-0.105,0.286,2.495,0.969,1500,1506,1730,1362,13.350,-8.685,27.408,1,81,0,-0.156,0.013,0.085,-0.058,-0.313,-0.005,-0.034
66.854793000,14.718311000,14.960083,43,87.519691,3309,-0.0013,0.598,2.501,1.003,-0.083,-0.003,0.007,-0.015,0.117,-0.975,0.313,0.094,-0.157,0.286,2.495,0.969,1501,1505,1734,1361,13.038,-8.690,27.366,1,81,0,-0.156,0.013,0.083,-0.060,-0.312,-0.005,-0.034
66.873350000,14.736868000,14.969971,43,114.757858,3310,0.0087,0.596,2.501,1.003,-0.093,-0.007,0.012,-0.014,0.113,-0.976,0.261,-0.029,-0.148,0.286,2.495,0.969,1500,1510,1732,1361,12.727,-8.696,27.323,1,81,0,-0.155,0.013,0.093,-0.049,-0.311,-0.005,-0.034
66.887949000,14.751467000,14.979980,43,53.914169,3311,0.0046,0.595,2.501,1.003,-0.095,-0.007,0.012,-0.011,0.113,-0.979,0.259,-0.007,-0.181,0.286,2.495,0.969,1500,1512,1732,1361,12.418,-8.701,27.280,1,81,0,-0.155,0.012,0.095,-0.047,-0.310,-0.005,-0.034
66.888406000,14.751924000,14.989746,43,68.530701,3312,-0.0093,0.594,2.501,1.003,-0.102,-0.007,0.011,-0.008,0.115,-0.981,0.276,0.043,-0.210,0.286,2.495,0.969,1500,1515,1732,1360,12.109,-8.706,27.237,1,81,0,-0.154,0.012,0.102,-0.040,-0.309,-0.005,-0.034
66.894441000,14.757959000,15.000122,43,2217.294922,3313,-0.0043,0.593,2.501,1.004,-0.111,-0.004,0.012,-0.007,0.117,-0.982,0.240,0.077,-0.177,0.286,2.495,0.969,1501,1520,1731,1360,11.802,-8.711,27.194,1,81,0,-0.154,0.012,0.111,-0.031,-0.307,-0.005,-0.035
66.907253000,14.770771000,15.010010,43,165.809982,3314,0.0029,0.591,2.501,1.004,-0.129,-0.005,0.015,-0.008,0.117,-0.984,0.149,0.056,-0.165,0.286,2.495,0.969,1500,1529,1730,1360,11.496,-8.716,27.150,1,81,0,-0.153,0.011,0.129,-0.013,-0.305,-0.005,-0.035
66.918315000,14.781833000,15.020020,43,78.106697,3315,0.0010,0.589,2.500,1.004,-0.144,-0.007,0.020,-0.011,0.114,-0.984,0.035,-0.025,-0.139,0.286,2.495,0.969,1500,1537,1728,1360,11.193,-8.721,27.106,1,81,0,-0.152,0.011,0.144,0.004,-0.303,-0.005,-0.035
66.925363000,14.788881000,15.029663,43,90.464989,3316,-0.0027,0.588,2.500,1.005,-0.147,-0.006,0.025,-0.003,0.117,-0.990,0.248,0.037,-0.252,0.286,2.495,0.969,1500,1538,1726,1359,10.891,-8.726,27.062,1,81,0,-0.151,0.011,0.147,0.007,-0.302,-0.005,-0.036
66.934565000,14.798083000,15.039795,43,143.430862,3317,-0.0009,0.586,2.500,1.005,-0.153,-0.003,0.024,-0.006,0.118,-0.992,0.101,0.074,-0.234,0.286,2.495,0.969,1501,1541,1726,1359,10.591,-8.731,27.017,1,81,0,-0.150,0.011,0.153,0.014,-0.300,-0.005,-0.036
66.944270000,14.807788000,15.048584,43,108.766586,3318,0.0009,0.584,2.501,1.005,-0.176,0.002,0.034,-0.005,0.118,-0.993,0.115,0.042,-0.200,0.286,2.495,0.969,1502,1553,1721,1359,10.293,-8.736,26.972,1,81,0,-0.149,0.010,0.176,0.038,-0.298,-0.005,-0.036
66.959079000,14.822597000,15.060181,43,103.124680,3319,0.0032,0.582,2.501,1.006,-0.178,0.003,0.035,-0.002,0.119,-0.995,0.150,0.045,-0.213,0.286,2.495,0.969,1502,1554,1720,1358,9.997,-8.742,26.926,1,81,0,-0.148,0.010,0.178,0.040,-0.296,-0.005,-0.037
66.982950000,14.846468000,15.069946,43,67.563004,3320,0.0141,0.579,2.501,1.006,-0.193,0.002,0.043,0.000,0.118,-0.997,0.158,0.016,-0.191,0.286,2.495,0.969,1502,1562,1716,1358,9.703,-8.747,26.879,1,81,0,-0.147,0.010,0.193,0.056,-0.294,-0.005,-0.037
66.991107000,14.854625000,15.079712,43,41.907635,3321,-0.0016,0.577,2.501,1.007,-0.204,0.003,0.048,0.001,0.117,-1.000,0.153,-0.008,-0.226,0.286,2.495,0.969,1502,1568,1714,1358,9.412,-8.752,26.831,1,81,0,-0.146,0.009,0.204,0.068,-0.291,-0.005,-0.038
66.991456000,14.854974000,15.090210,43,122.684334,3322,-0.0102,0.574,2.501,1.008,-0.218,0.006,0.055,0.002,0.115,-1.000,0.120,-0.061,-0.163,0.286,2.495,0.969,1502,1575,1710,1358,9.123,-8.757,26.783,1,81,0,-0.144,0.009,0.218,0.083,-0.289,-0.005,-0.039
66.994604000,14.858122000,15.100098,43,2906.976807,3323,-0.0067,0.571,2.501,1.009,-0.233,0.014,0.061,0.001,0.117,-1.000,0.086,0.002,-0.124,0.286,2.495,0.969,1504,1583,1707,1358,8.837,-8.763,26.733,1,81,0,-0.143,0.009,0.233,0.099,-0.286,-0.006,-0.040
67.007026000,14.870544000,15.110107,43,317.965027,3324,0.0024,0.569,2.501,1.010,-0.241,0.016,0.066,0.005,0.116,-1.004,0.160,-0.007,-0.190,0.286,2.495,0.969,1505,1587,1705,1357,8.554,-8.769,26.683,1,81,0,-0.142,0.009,0.241,0.108,-0.283,-0.006,-0.040
67.018501000,14.882019000,15.119995,43,80.554214,3325,0.0016,0.566,2.502,1.011,-0.263,0.020,0.079,0.007,0.111,-1.004,0.153,-0.138,-0.146,0.286,2.495,0.969,1505,1598,1699,1357,8.274,-8.776,26.631,1,81,0,-0.140,0.008,0.263,0.131,-0.280,-0.006,-0.042
67.026012000,14.889530000,15.130005,43,87.206764,3326,-0.0025,0.563,2.502,1.012,-0.269,0.025,0.086,0.013,0.106,-1.005,0.281,-0.229,-0.143,0.286,2.495,0.969,1506,1602,1695,1357,7.997,-8.782,26.577,1,81,0,-0.139,0.008,0.269,0.139,-0.277,-0.007,-0.043
67.034075000,14.897593000,15.139526,43,133.262253,3327,-0.0015,0.560,2.503,1.013,-0.280,0.031,0.093,0.015,0.103,-1.006,0.261,-0.257,-0.131,0.286,2.495,0.969,1507,1607,1691,1357,7.723,-8.790,26.523,1,81,0,-0.137,0.008,0.280,0.151,-0.274,-0.007,-0.044
67.044345000,14.907863000,15.149536,43,124.146492,3328,0.0003,0.556,2.503,1.014,-0.295,0.034,0.097,0.016,0.099,-1.007,0.223,-0.275,-0.127,0.286,2.495,0.969,1508,1615,1689,1357,7.452,-8.797,26.467,1,81,0,-0.135,0.007,0.295,0.167,-0.271,-0.008,-0.045
67.056286000,14.919804000,15.159790,43,97.456390,3329,0.0017,0.553,2.504,1.015,-0.308,0.038,0.097,0.018,0.099,-1.007,0.200,-0.225,-0.089,0.286,2.495,0.969,1509,1622,1687,1357,7.185,-8.805,26.409,1,81,0,-0.134,0.007,0.308,0.182,-0.267,-0.008,-0.046
67.078389000,14.941907000,15.169922,43,83.801224,3330,0.0120,0.549,2.504,1.016,-0.314,0.045,0.100,0.018,0.096,-1.009,0.165,-0.231,-0.123,0.286,2.495,0.969,1511,1625,1685,1357,6.921,-8.814,26.351,1,81,0,-0.132,0.007,0.314,0.189,-0.264,-0.009,-0.047
67.088054000,14.951572000,15.179932,43,45.257061,3331,-0.0004,0.545,2.505,1.017,-0.332,0.045,0.107,0.019,0.095,-1.009,0.153,-0.201,-0.082,0.286,2.495,0.969,1511,1635,1681,1357,6.661,-8.824,26.290,1,81,0,-0.130,0.007,0.332,0.209,-0.260,-0.009,-0.048
67.088414000,14.951932000,15.190063,43,103.541107,3332,-0.0098,0.542,2.505,1.019,-0.341,0.051,0.110,0.017,0.090,-1.009,0.045,-0.270,-0.078,0.286,2.495,0.969,1512,1639,1679,1357,6.405,-8.833,26.228,1,81,0,-0.128,0.006,0.341,0.219,-0.256,-0.010,-0.049
67.098980000,14.962498000,15.199951,43,2824.858643,3333,0.0007,0.538,2.506,1.020,-0.357,0.055,0.115,0.015,0.089,-1.009,-0.018,-0.239,-0.036,0.286,2.495,0.969,1513,1648,1675,1357,6.153,-8.844,26.165,1,81,0,-0.126,0.006,0.357,0.237,-0.252,-0.011,-0.051
67.108884000,14.972402000,15.209961,43,94.679039,3334,-0.0001,0.534,2.507,1.021,-0.364,0.066,0.112,0.013,0.084,-1.011,-0.064,-0.298,-0.081,0.286,2.495,0.969,1515,1652,1675,1356,5.905,-8.856,26.100,1,81,0,-0.124,0.006,0.364,0.246,-0.248,-0.012,-0.052
67.115603000,14.979121000,15.220093,43,101.050926,3335,-0.0034,0.530,2.508,1.022,-0.377,0.067,0.115,0.012,0.083,-1.010,-0.059,-0.250,-0.036,0.286,2.495,0.969,1515,1659,1673,1357,5.661,-8.868,26.034,1,81,0,-0.122,0.006,0.377,0.261,-0.244,-0.012,-0.053
67.127838000,14.991356000,15.229858,43,148.942505,3336,0.0025,0.526,2.509,1.023,-0.386,0.074,0.115,0.009,0.080,-1.010,-0.120,-0.270,-0.043,0.286,2.495,0.969,1517,1664,1670,1357,5.421,-8.881,25.966,1,81,0,-0.120,0.005,0.386,0.271,-0.240,-0.013,-0.054
67.136254000,14.999772000,15.239990,43,81.786209,3337,-0.0017,0.521,2.510,1.024,-0.396,0.080,0.114,0.010,0.079,-1.007,-0.071,-0.233,0.044,0.286,2.495,0.969,1518,1669,1669,1357,5.185,-8.896,25.897,1,81,0,-0.118,0.005,0.396,0.283,-0.236,-0.014,-0.055
67.146440000,15.009958000,15.250000,43,118.948494,3338,0.0002,0.517,2.511,1.026,-0.405,0.087,0.118,0.011,0.075,-1.005,-0.027,-0.258,0.097,0.286,2.495,0.969,1520,1674,1666,1358,4.953,-8.911,25.827,1,81,0,-0.116,0.005,0.405,0.294,-0.231,-0.015,-0.057
67.160847000,15.024365000,15.259644,43,98.222176,3339,0.0048,0.513,2.512,1.027,-0.418,0.095,0.118,0.009,0.074,-1.000,-0.060,-0.230,0.186,0.286,2.495,0.969,1521,1681,1665,1358,4.726,-8.927,25.754,1,81,0,-0.114,0.005,0.418,0.309,-0.227,-0.017,-0.058
67.185827000,15.049345000,15.269897,43,69.449265,3340,0.0147,0.508,2.513,1.028,-0.428,0.101,0.115,0.011,0.074,-0.993,0.000,-0.175,0.312,0.286,2.495,0.969,1523,1687,1665,1360,4.504,-8.945,25.681,1,81,0,-0.111,0.005,0.428,0.321,-0.222,-0.018,-0.059
67.202279000,15.065797000,15.277954,43,40.041645,3341,0.0084,0.503,2.514,1.029,-0.464,0.112,0.121,0.012,0.071,-0.989,0.019,-0.224,0.372,0.286,2.495,0.969,1525,1700,1661,1360,4.286,-8.964,25.606,1,81,0,-0.109,0.004,0.464,0.360,-0.218,-0.019,-0.060
67.211118000,15.074636000,15.289673,43,60.812454,3342,-0.0029,0.498,2.516,1.030,-0.453,0.110,0.116,0.011,0.071,-0.983,-0.013,-0.172,0.399,0.286,2.495,0.969,1525,1700,1662,1361,4.073,-8.984,25.530,1,81,0,-0.106,0.004,0.453,0.350,-0.213,-0.020,-0.061
67.211472000,15.074990000,15.300049,43,113.211823,3343,-0.0100,0.493,2.517,1.031,-0.459,0.110,0.115,0.013,0.067,-0.978,0.051,-0.220,0.411,0.286,2.495,0.969,1525,1700,1661,1362,3.866,-9.005,25.452,1,81,0,-0.104,0.004,0.459,0.358,-0.208,-0.021,-0.062
67.211685000,15.075203000,15.309204,43,2873.563232,3344,-0.0089,0.489,2.518,1.032,-0.479,0.120,0.111,0.014,0.066,-0.971,0.063,-0.184,0.517,0.286,2.495,0.969,1527,1700,1661,1363,3.663,-9.028,25.373,1,81,0,-0.101,0.004,0.479,0.381,-0.203,-0.023,-0.063
67.215331000,15.078849000,15.320068,43,4761.904785,3345,-0.0072,0.484,2.519,1.033,-0.473,0.119,0.108,0.016,0.061,-0.966,0.093,-0.251,0.492,0.286,2.495,0.969,1527,1700,1661,1364,3.465,-9.052,25.293,1,81,0,-0.099,0.003,0.473,0.377,-0.198,-0.024,-0.064
67.224429000,15.087947000,15.330078,43,274.499054,3346,-0.0009,0.479,2.521,1.034,-0.481,0.120,0.109,0.015,0.060,-0.959,0.057,-0.227,0.544,0.286,2.495,0.969,1528,1700,1659,1365,3.272,-9.077,25.211,1,81,0,-0.096,0.003,0.481,0.388,-0.193,-0.025,-0.065
67.234537000,15.098055000,15.339966,43,110.011002,3347,0.0002,0.473,2.522,1.036,-0.495,0.125,0.111,0.013,0.056,-0.949,-0.012,-0.260,0.665,0.286,2.495,0.969,1529,1700,1657,1366,3.084,-9.103,25.128,1,81,0,-0.094,0.003,0.495,0.405,-0.188,-0.026,-0.067
67.245768000,15.109286000,15.350098,43,99.009903,3348,0.0011,0.468,2.523,1.037,-0.502,0.127,0.111,0.009,0.055,-0.942,-0.127,-0.223,0.666,0.286,2.495,0.969,1530,1700,1656,1367,2.902,-9.131,25.043,1,81,0,-0.091,0.003,0.502,0.414,-0.182,-0.028,-0.068
67.257320000,15.120838000,15.359985,43,89.102737,3349,0.0016,0.463,2.525,1.038,-0.510,0.135,0.110,0.005,0.053,-0.933,-0.196,-0.209,0.745,0.286,2.495,0.969,1531,1700,1654,1369,2.725,-9.161,24.957,1,81,0,-0.089,0.003,0.510,0.424,-0.177,-0.029,-0.069
67.264870000,15.128388000,15.369995,43,86.865883,3350,-0.0025,0.457,2.526,1.039,-0.513,0.138,0.114,-0.001,0.052,-0.924,-0.279,-0.200,0.769,0.286,2.495,0.969,1532,1700,1651,1370,2.553,-9.192,24.870,1,81,0,-0.086,0.003,0.513,0.430,-0.172,-0.031,-0.070
67.288444000,15.151962000,15.369995,0,132.555679,0,0,0.457,2.526,1.039,-0.513,0.138,0.114,-0.001,0.052,-0.924,-0.279,-0.200,0.769,0.000,0.000,0.000,1532,1700,1651,1370,0.000,0.000,0.000,0,81,2,-0.086,0.003,0.513,0.430,-0.172,-0.031,-0.070
67.308430000,15.171948000,15.379883,43,132.555679,3351,0.0337,0.452,2.528,1.040,-0.527,0.144,0.112,-0.006,0.051,-0.914,-0.335,-0.152,0.842,0.286,2.495,0.969,1534,1700,1650,1372,2.387,-9.224,24.781,1,81,0,-0.083,0.002,0.527,0.446,-0.166,-0.032,-0.071
67.308853000,15.172371000,15.390015,43,22.961058,3352,-0.0097,0.446,2.530,1.041,-0.533,0.148,0.109,-0.011,0.050,-0.903,-0.373,-0.137,0.905,0.286,2.495,0.969,1535,1700,1650,1373,2.226,-9.258,24.691,1,81,0,-0.080,0.002,0.533,0.455,-0.161,-0.034,-0.072
67.309072000,15.172590000,15.400269,43,2398.081543,3353,-0.0100,0.441,2.531,1.042,-0.538,0.149,0.104,-0.016,0.052,-0.889,-0.402,-0.057,1.012,0.286,2.495,0.969,1535,1700,1651,1375,2.071,-9.294,24.600,1,81,0,-0.077,0.002,0.538,0.463,-0.155,-0.036,-0.073
67.309276000,15.172794000,15.409790,43,4629.629395,3354,-0.0093,0.435,2.532,1.043,-0.557,0.143,0.106,-0.010,0.048,-0.881,-0.141,-0.169,0.963,0.286,2.495,0.969,1534,1700,1649,1376,1.922,-9.330,24.507,1,81,0,-0.075,0.002,0.557,0.484,-0.149,-0.037,-0.074
67.316761000,15.180279000,15.419434,43,4975.124512,3355,-0.0022,0.429,2.533,1.044,-0.570,0.139,0.109,-0.005,0.045,-0.870,0.019,-0.191,1.019,0.286,2.495,0.969,1534,1700,1646,1378,1.779,-9.369,24.414,1,81,0,-0.072,0.002,0.570,0.500,-0.143,-0.038,-0.075
67.329154000,15.192672000,15.430054,43,133.654099,3356,0.0018,0.423,2.535,1.045,-0.567,0.135,0.106,-0.002,0.042,-0.857,0.071,-0.218,1.069,0.286,2.495,0.969,1533,1700,1646,1380,1.642,-9.408,24.318,1,81,0,-0.069,0.002,0.567,0.500,-0.137,-0.039,-0.076
67.337782000,15.201300000,15.440063,43,80.736313,3357,-0.0014,0.417,2.536,1.046,-0.575,0.132,0.102,-0.006,0.042,-0.844,-0.027,-0.161,1.115,0.286,2.495,0.969,1533,1700,1647,1382,1.510,-9.448,24.222,1,81,0,-0.066,0.002,0.575,0.510,-0.131,-0.041,-0.077
67.343636000,15.207154000,15.448364,43,115.982368,3358,-0.0025,0.411,2.537,1.047,-0.612,0.137,0.102,-0.009,0.043,-0.833,-0.124,-0.080,1.173,0.286,2.495,0.969,1534,1700,1646,1383,1.385,-9.490,24.125,1,81,0,-0.063,0.001,0.612,0.551,-0.125,-0.042,-0.078
67.355526000,15.219044000,15.459717,43,171.057129,3359,0.0005,0.405,2.539,1.048,-0.598,0.130,0.097,-0.015,0.045,-0.820,-0.232,-0.018,1.179,0.286,2.495,0.969,1533,1700,1646,1385,1.266,-9.533,24.026,1,81,0,-0.059,0.001,0.598,0.540,-0.119,-0.043,-0.079
67.364555000,15.228073000,15.469971,43,84.167999,3360,-0.0012,0.398,2.540,1.049,-0.597,0.126,0.095,-0.022,0.044,-0.809,-0.327,-0.052,1.131,0.286,2.495,0.969,1533,1700,1645,1387,1.153,-9.578,23.926,1,81,0,-0.056,0.001,0.597,0.542,-0.113,-0.044,-0.080
67.384963000,15.248481000,15.479980,43,110.864746,3361,0.0104,0.392,2.541,1.050,-0.603,0.123,0.097,-0.027,0.041,-0.798,-0.373,-0.097,1.123,0.286,2.495,0.969,1532,1700,1643,1388,1.047,-9.623,23.825,1,81,0,-0.053,0.001,0.603,0.551,-0.107,-0.045,-0.081
67.391596000,15.255114000,15.489990,43,49.019608,3362,-0.0034,0.386,2.542,1.051,-0.607,0.121,0.093,-0.036,0.044,-0.785,-0.509,-0.004,1.169,0.286,2.495,0.969,1532,1700,1643,1390,0.946,-9.670,23.723,1,81,0,-0.050,0.001,0.607,0.558,-0.100,-0.047,-0.082
67.396506000,15.260024000,15.500000,43,150.920609,3363,-0.0051,0.380,2.543,1.052,-0.613,0.119,0.092,-0.038,0.043,-0.772,-0.431,-0.033,1.205,0.286,2.495,0.969,1532,1700,1643,1392,0.852,-9.717,23.620,1,81,0,-0.047,0.001,0.613,0.567,-0.094,-0.048,-0.082
67.406974000,15.270492000,15.510010,43,203.873596,3364,0.0005,0.373,2.545,1.052,-0.620,0.125,0.087,-0.042,0.044,-0.754,-0.431,0.002,1.360,0.286,2.495,0.969,1533,1700,1644,1395,0.764,-9.766,23.516,1,81,0,-0.044,0.001,0.620,0.577,-0.088,-0.049,-0.083
67.425365000,15.288883000,15.520020,43,95.602295,3365,0.0084,0.367,2.545,1.053,-0.628,0.116,0.091,-0.040,0.042,-0.744,-0.271,-0.036,1.255,0.286,2.495,0.969,1532,1700,1641,1396,0.683,-9.816,23.411,1,81,0,-0.041,0.001,0.628,0.588,-0.081,-0.050,-0.084
67.433776000,15.297294000,15.530029,43,54.398087,3366,-0.0016,0.361,2.547,1.054,-0.625,0.121,0.087,-0.044,0.039,-0.726,-0.292,-0.111,1.404,0.286,2.495,0.969,1533,1700,1642,1399,0.608,-9.868,23.305,1,81,0,-0.038,0.001,0.625,0.588,-0.075,-0.051,-0.085
67.436660000,15.300178000,15.539795,43,118.976799,3367,-0.0069,0.354,2.548,1.055,-0.645,0.114,0.088,-0.050,0.038,-0.711,-0.386,-0.112,1.444,0.286,2.495,0.969,1532,1700,1640,1401,0.540,-9.920,23.197,1,81,0,-0.034,0.001,0.645,0.612,-0.068,-0.052,-0.086
67.445818000,15.309336000,15.549927,43,347.463531,3368,-0.0010,0.347,2.548,1.056,-0.661,0.095,0.091,-0.054,0.041,-0.703,-0.390,-0.019,1.276,0.286,2.495,0.969,1528,1700,1638,1402,0.479,-9.973,23.089,1,81,0,-0.030,0.000,0.661,0.631,-0.061,-0.053,-0.087
67.457663000,15.321181000,15.559937,43,109.289619,3369,0.0018,0.339,2.549,1.057,-0.678,0.095,0.093,-0.056,0.034,-0.681,-0.340,-0.171,1.493,0.286,2.495,0.969,1528,1700,1635,1405,0.425,-10.026,22.979,1,81,0,-0.027,0.000,0.678,0.652,-0.054,-0.054,-0.088
67.465082000,15.328600000,15.569946,43,84.480865,3370,-0.0026,0.332,2.550,1.058,-0.684,0.086,0.089,-0.057,0.035,-0.672,-0.272,-0.101,1.360,0.286,2.495,0.969,1527,1700,1635,1407,0.379,-10.080,22.868,1,81,0,-0.023,0.000,0.684,0.661,-0.047,-0.054,-0.089
67.475437000,15.338955000,15.580078,43,134.898148,3371,0.0002,0.326,2.551,1.059,-0.679,0.087,0.088,-0.055,0.035,-0.659,-0.166,-0.091,1.332,0.286,2.495,0.969,1527,1700,1635,1408,0.339,-10.136,22.756,1,81,0,-0.020,0.000,0.679,0.659,-0.040,-0.055,-0.089
67.518964000,15.382482000,15.580078,0,96.646370,0,0,0.326,2.551,1.059,-0.679,0.087,0.088,-0.055,0.035,-0.659,-0.166,-0.091,1.332,0.000,0.000,0.000,1527,1700,1635,1408,0.000,0.000,0.000,0,81,2,-0.020,0.000,0.679,0.659,-0.040,-0.055,-0.089
67.530995000,15.394513000,15.590088,43,96.646370,3372,0.0455,0.319,2.551,1.059,-0.682,0.078,0.083,-0.048,0.032,-0.650,0.053,-0.143,1.220,0.286,2.495,0.969,1526,1700,1636,1409,0.306,-10.191,22.644,1,81,0,-0.016,0.000,0.682,0.666,-0.033,-0.056,-0.090
67.531345000,15.394863000,15.599609,43,18.001152,3373,-0.0092,0.312,2.552,1.060,-0.680,0.087,0.078,-0.051,0.031,-0.628,-0.028,-0.130,1.508,0.286,2.495,0.969,1528,1700,1637,1413,0.279,-10.248,22.530,1,81,0,-0.013,0.000,0.680,0.667,-0.027,-0.057,-0.091
67.531557000,15.395075000,15.609985,43,2906.976807,3374,-0.0102,0.305,2.552,1.061,-0.685,0.070,0.081,-0.042,0.028,-0.618,0.195,-0.175,1.362,0.286,2.495,0.969,1524,1700,1635,1414,0.260,-10.305,22.415,1,81,0,-0.010,0.000,0.685,0.675,-0.019,-0.057,-0.092
67.531760000,15.395278000,15.619873,43,4784.688965,3375,-0.0097,0.298,2.553,1.061,-0.682,0.078,0.072,-0.041,0.029,-0.603,0.156,-0.088,1.408,0.286,2.495,0.969,1526,1700,1637,1416,0.247,-10.363,22.300,1,81,0,-0.006,0.000,0.682,0.676,-0.013,-0.058,-0.092
67.531964000,15.395482000,15.630005,43,5000.000000,3376,-0.0099,0.291,2.554,1.062,-0.689,0.067,0.072,-0.044,0.028,-0.587,0.055,-0.114,1.451,0.286,2.495,0.969,1524,1700,1636,1419,0.242,-10.421,22.184,1,81,0,-0.003,0.000,0.689,0.686,-0.005,-0.058,-0.093
67.538393000,15.401911000,15.639771,43,4975.124512,3377,-0.0033,0.284,2.554,1.062,-0.689,0.060,0.063,-0.038,0.026,-0.575,0.194,-0.124,1.386,0.286,2.495,0.969,1523,1700,1639,1420,0.243,-10.480,22.068,1,81,0,0.001,0.000,0.689,0.690,0.001,-0.059,-0.093
67.545855000,15.409373000,15.649902,43,155.617798,3378,-0.0027,0.277,2.555,1.063,-0.691,0.056,0.062,-0.041,0.025,-0.561,0.068,-0.116,1.384,0.286,2.495,0.969,1522,1700,1638,1422,0.251,-10.539,21.950,1,81,0,0.004,0.000,0.691,0.696,0.008,-0.059,-0.094
67.556930000,15.420448000,15.660034,43,134.156158,3379,0.0009,0.271,2.555,1.063,-0.679,0.055,0.059,-0.044,0.021,-0.548,-0.033,-0.194,1.370,0.286,2.495,0.969,1522,1700,1638,1424,0.266,-10.598,21.832,1,81,0,0.007,0.000,0.679,0.687,0.015,-0.060,-0.094
67.564017000,15.427535000,15.669189,43,90.366890,3380,-0.0021,0.264,2.555,1.064,-0.703,0.045,0.055,-0.045,0.015,-0.531,-0.035,-0.297,1.475,0.286,2.495,0.969,1520,1700,1639,1427,0.288,-10.658,21.714,1,81,0,0.011,0.000,0.703,0.714,0.022,-0.060,-0.095
67.574717000,15.438235000,15.680054,43,141.242935,3381,-0.0002,0.257,2.556,1.064,-0.681,0.044,0.052,-0.048,0.017,-0.520,-0.097,-0.188,1.370,0.286,2.495,0.969,1520,1700,1640,1428,0.317,-10.718,21.595,1,81,0,0.014,0.000,0.681,0.696,0.029,-0.060,-0.095
67.587805000,15.451323000,15.689819,43,93.527870,3382,0.0033,0.250,2.556,1.065,-0.697,0.032,0.053,-0.048,0.017,-0.499,-0.068,-0.141,1.556,0.286,2.495,0.969,1518,1700,1639,1431,0.352,-10.778,21.475,1,81,0,0.018,0.000,0.697,0.715,0.036,-0.060,-0.096
67.599333000,15.462851000,15.699951,43,76.435066,3383,0.0014,0.243,2.556,1.065,-0.678,0.033,0.045,-0.045,0.015,-0.487,0.021,-0.144,1.465,0.286,2.495,0.969,1518,1700,1641,1433,0.395,-10.839,21.355,1,81,0,0.021,0.000,0.678,0.700,0.042,-0.061,-0.096
67.606601000,15.470119000,15.710083,43,86.805557,3384,-0.0029,0.236,2.556,1.065,-0.685,0.016,0.044,-0.043,0.011,-0.469,0.063,-0.211,1.548,0.286,2.495,0.969,1515,1700,1641,1436,0.444,-10.899,21.235,1,81,0,0.025,0.000,0.685,0.710,0.049,-0.060,-0.096
67.615343000,15.478861000,15.720093,43,137.703110,3385,-0.0013,0.229,2.556,1.066,-0.685,0.018,0.042,-0.046,0.011,-0.448,-0.029,-0.148,1.683,0.286,2.495,0.969,1515,1700,1641,1439,0.500,-10.959,21.114,1,81,0,0.028,0.001,0.685,0.714,0.056,-0.060,-0.097
67.624781000,15.488299000,15.729980,43,114.495079,3386,-0.0005,0.223,2.555,1.066,-0.683,0.003,0.037,-0.044,0.012,-0.441,0.024,-0.098,1.431,0.286,2.495,0.969,1513,1700,1642,1439,0.563,-11.019,20.993,1,81,0,0.031,0.001,0.683,0.715,0.063,-0.060,-0.097
67.636725000,15.500243000,15.739990,43,106.055786,3387,0.0019,0.216,2.555,1.066,-0.685,-0.009,0.037,-0.043,0.008,-0.429,0.039,-0.167,1.391,0.286,2.495,0.969,1510,1700,1641,1441,0.633,-11.079,20.871,1,81,0,0.035,0.001,0.685,0.720,0.070,-0.060,-0.097
67.651703000,15.515221000,15.749756,43,83.773140,3388,0.0052,0.209,2.555,1.066,-0.683,-0.017,0.031,-0.040,0.008,-0.420,0.126,-0.131,1.278,0.286,2.495,0.969,1509,1700,1643,1442,0.709,-11.138,20.749,1,81,0,0.038,0.001,0.683,0.722,0.076,-0.059,-0.097
67.662374000,15.525892000,15.759644,43,66.795807,3389,0.0008,0.202,2.555,1.067,-0.686,-0.015,0.030,-0.038,0.005,-0.399,0.138,-0.175,1.474,0.286,2.495,0.969,1509,1700,1643,1445,0.793,-11.197,20.627,1,81,0,0.042,0.001,0.686,0.728,0.083,-0.059,-0.098
67.666895000,15.530413000,15.770020,43,93.755859,3390,-0.0059,0.195,2.554,1.067,-0.683,-0.020,0.031,-0.042,0.004,-0.384,-0.003,-0.156,1.472,0.286,2.495,0.969,1508,1700,1643,1447,0.883,-11.256,20.505,1,81,0,0.045,0.001,0.683,0.729,0.090,-0.059,-0.098
67.674417000,15.537935000,15.779907,43,221.483948,3391,-0.0024,0.189,2.554,1.067,-0.673,-0.026,0.021,-0.037,0.006,-0.377,0.120,-0.062,1.291,0.286,2.495,0.969,1507,1700,1646,1448,0.980,-11.314,20.382,1,81,0,0.048,0.001,0.673,0.723,0.097,-0.058,-0.098
67.690612000,15.554130000,15.789917,43,133.084915,3392,0.0062,0.182,2.553,1.067,-0.669,-0.031,0.012,-0.036,0.004,-0.364,0.133,-0.089,1.291,0.286,2.495,0.969,1506,1700,1649,1450,1.083,-11.372,20.260,1,81,0,0.052,0.001,0.669,0.722,0.103,-0.058,-0.098
67.694634000,15.558152000,15.800049,43,61.777969,3393,-0.0061,0.176,2.553,1.067,-0.667,-0.034,0.008,-0.041,0.003,-0.348,-0.033,-0.103,1.354,0.286,2.495,0.969,1505,1700,1651,1452,1.193,-11.429,20.138,1,81,0,0.055,0.001,0.667,0.724,0.110,-0.057,-0.098
67.705119000,15.568637000,15.809570,43,249.128052,3394,0.0010,0.169,2.552,1.067,-0.672,-0.040,0.003,-0.037,0.001,-0.334,0.080,-0.123,1.380,0.286,2.495,0.969,1504,1700,1653,1454,1.309,-11.486,20.016,1,81,0,0.058,0.001,0.672,0.732,0.116,-0.057,-0.098
67.715644000,15.579162000,15.819946,43,95.447166,3395,0.0001,0.163,2.552,1.067,-0.658,-0.032,-0.003,-0.038,-0.000,-0.314,0.049,-0.125,1.511,0.286,2.495,0.969,1505,1700,1654,1457,1.432,-11.543,19.894,1,81,0,0.061,0.001,0.658,0.721,0.123,-0.057,-0.097
67.727904000,15.591422000,15.829956,43,95.084152,3396,0.0022,0.156,2.551,1.067,-0.669,-0.043,0.002,-0.041,-0.000,-0.296,-0.059,-0.099,1.592,0.286,2.495,0.969,1503,1700,1652,1460,1.562,-11.599,19.772,1,81,0,0.065,0.002,0.669,0.736,0.130,-0.056,-0.098
67.736290000,15.599808000,15.840454,43,81.599350,3397,-0.0021,0.149,2.551,1.066,-0.659,-0.041,-0.004,-0.035,-0.005,-0.282,0.115,-0.182,1.538,0.286,2.495,0.969,1503,1700,1654,1462,1.698,-11.654,19.650,1,81,0,0.068,0.002,0.659,0.729,0.136,-0.056,-0.097
67.745206000,15.608724000,15.849854,43,119.360229,3398,-0.0005,0.142,2.550,1.066,-0.677,-0.050,-0.009,-0.040,-0.000,-0.266,-0.065,-0.011,1.561,0.286,2.495,0.969,1502,1700,1657,1464,1.842,-11.709,19.529,1,81,0,0.072,0.002,0.677,0.751,0.143,-0.055,-0.097
67.755819000,15.619337000,15.859985,43,112.233444,3399,0.0005,0.136,2.550,1.066,-0.673,-0.053,-0.018,-0.041,0.002,-0.253,-0.062,0.043,1.502,0.286,2.495,0.969,1501,1700,1660,1466,1.992,-11.764,19.408,1,81,0,0.075,0.002,0.673,0.750,0.150,-0.054,-0.097
67.769760000,15.633278000,15.869751,43,94.304039,3400,0.0042,0.129,2.549,1.065,-0.675,-0.051,-0.024,-0.042,0.002,-0.239,-0.077,0.039,1.491,0.286,2.495,0.969,1501,1700,1663,1468,2.148,-11.817,19.287,1,81,0,0.078,0.002,0.675,0.756,0.157,-0.054,-0.096
67.777468000,15.640986000,15.880005,43,71.772049,3401,-0.0026,0.122,2.549,1.065,-0.665,-0.055,-0.031,-0.036,0.005,-0.231,0.102,0.097,1.310,0.286,2.495,0.969,1500,1700,1666,1469,2.312,-11.871,19.168,1,81,0,0.082,0.002,0.665,0.749,0.163,-0.053,-0.096
67.794431000,15.657949000,15.889893,43,129.836411,3402,0.0071,0.116,2.548,1.064,-0.671,-0.068,-0.032,-0.039,0.007,-0.216,-0.000,0.136,1.365,0.286,2.495,0.969,1498,1700,1666,1471,2.482,-11.923,19.048,1,81,0,0.085,0.002,0.671,0.758,0.170,-0.052,-0.095
67.801838000,15.665356000,15.899902,43,58.976173,3403,-0.0026,0.109,2.547,1.064,-0.666,-0.073,-0.035,-0.036,0.007,-0.198,0.063,0.084,1.460,0.286,2.495,0.969,1497,1700,1667,1474,2.658,-11.974,18.930,1,81,0,0.088,0.003,0.666,0.757,0.177,-0.051,-0.095
67.805571000,15.669089000,15.910034,43,135.135132,3404,-0.0064,0.103,2.546,1.064,-0.654,-0.070,-0.037,-0.031,0.003,-0.186,0.181,-0.036,1.399,0.286,2.495,0.969,1497,1700,1668,1475,2.841,-12.024,18.812,1,81,0,0.091,0.003,0.654,0.748,0.183,-0.051,-0.095
67.814731000,15.678249000,15.920166,43,268.240356,3405,-0.0010,0.096,2.545,1.063,-0.647,-0.074,-0.044,-0.029,0.004,-0.174,0.163,-0.005,1.342,0.286,2.495,0.969,1496,1700,1672,1477,3.030,-12.074,18.694,1,81,0,0.095,0.003,0.647,0.744,0.189,-0.050,-0.094
67.825981000,15.689499000,15.929932,43,109.277672,3406,0.0015,0.090,2.544,1.062,-0.660,-0.082,-0.053,-0.043,0.011,-0.152,-0.220,0.191,1.558,0.286,2.495,0.969,1494,1700,1676,1480,3.226,-12.123,18.578,1,81,0,0.098,0.003,0.660,0.761,0.196,-0.049,-0.093
67.837690000,15.701208000,15.939941,43,88.952141,3407,0.0017,0.083,2.543,1.061,-0.650,-0.088,-0.057,-0.042,0.010,-0.139,-0.141,0.123,1.493,0.286,2.495,0.969,1493,1700,1678,1482,3.428,-12.170,18.462,1,81,0,0.101,0.003,0.650,0.755,0.202,-0.048,-0.092
67.843927000,15.707445000,15.949097,43,85.455475,3408,-0.0029,0.077,2.542,1.061,-0.657,-0.097,-0.065,-0.044,0.010,-0.127,-0.165,0.091,1.464,0.286,2.495,0.969,1491,1700,1681,1484,3.637,-12.217,18.348,1,81,0,0.104,0.004,0.657,0.765,0.208,-0.046,-0.092
67.854529000,15.718047000,15.960083,43,160.513641,3409,-0.0004,0.071,2.541,1.060,-0.642,-0.096,-0.066,-0.051,0.013,-0.110,-0.283,0.140,1.468,0.286,2.495,0.969,1491,1700,1683,1486,3.852,-12.262,18.234,1,81,0,0.107,0.004,0.642,0.753,0.215,-0.045,-0.091
67.874919000,15.738437000,15.969482,43,94.366333,3410,0.0110,0.064,2.540,1.059,-0.649,-0.102,-0.070,-0.053,0.017,-0.096,-0.272,0.189,1.476,0.286,2.495,0.969,1490,1700,1685,1488,4.073,-12.307,18.122,1,81,0,0.111,0.004,0.649,0.764,0.221,-0.044,-0.090
67.885707000,15.749225000,15.980103,43,49.062901,3411,0.0002,0.058,2.539,1.058,-0.637,-0.105,-0.071,-0.055,0.017,-0.082,-0.233,0.162,1.453,0.286,2.495,0.969,1489,1700,1686,1490,4.300,-12.350,18.010,1,81,0,0.114,0.004,0.637,0.755,0.228,-0.043,-0.089
67.895678000,15.759196000,15.989990,43,92.747169,3412,0.0001,0.052,2.537,1.058,-0.636,-0.112,-0.075,-0.058,0.020,-0.068,-0.250,0.173,1.435,0.286,2.495,0.969,1488,1700,1688,1492,4.534,-12.391,17.900,1,81,0,0.117,0.005,0.636,0.757,0.234,-0.042,-0.088
67.905785000,15.769303000,15.999756,43,100.351227,3413,0.0003,0.045,2.536,1.056,-0.637,-0.119,-0.086,-0.049,0.024,-0.056,0.039,0.248,1.394,0.286,2.495,0.969,1486,1700,1693,1494,4.774,-12.432,17.791,1,81,0,0.120,0.005,0.637,0.762,0.240,-0.040,-0.087
67.906140000,15.769658000,16.010010,43,99.019707,3414,-0.0099,0.039,2.534,1.055,-0.633,-0.127,-0.087,-0.051,0.029,-0.043,-0.018,0.293,1.345,0.286,2.495,0.969,1484,1700,1694,1495,5.021,-12.471,17.683,1,81,0,0.123,0.005,0.633,0.761,0.246,-0.039,-0.086
67.918732000,15.782250000,16.020020,43,2865.329590,3415,0.0026,0.031,2.532,1.056,-0.690,-0.151,-0.050,-0.049,0.005,0.000,0.021,-0.364,2.097,0.286,2.495,0.969,1479,1700,1681,1503,5.276,-12.507,17.574,1,81,0,0.128,0.005,0.690,0.823,0.255,-0.037,-0.087
67.929394000,15.792912000,16.029785,43,79.434425,3416,0.0009,0.025,2.530,1.055,-0.671,-0.155,-0.061,-0.036,0.005,0.009,0.365,-0.287,1.804,0.286,2.495,0.969,1478,1700,1686,1504,5.537,-12.542,17.466,1,81,0,0.131,0.006,0.671,0.807,0.261,-0.035,-0.086
67.936940000,15.800458000,16.039673,43,93.861458,3417,-0.0023,0.019,2.529,1.054,-0.655,-0.159,-0.069,-0.028,0.003,0.023,0.474,-0.246,1.694,0.286,2.495,0.969,1477,1700,1690,1505,5.804,-12.576,17.360,1,81,0,0.134,0.006,0.655,0.794,0.267,-0.033,-0.085
67.948068000,15.811586000,16.050049,43,132.608414,3418,0.0007,0.012,2.527,1.053,-0.636,-0.161,-0.071,-0.019,-0.002,0.037,0.554,-0.324,1.624,0.286,2.495,0.969,1476,1700,1691,1507,6.077,-12.607,17.255,1,81,0,0.137,0.006,0.636,0.779,0.273,-0.032,-0.084
67.962096000,15.825614000,16.059937,43,89.919968,3419,0.0041,0.006,2.525,1.052,-0.633,-0.164,-0.077,-0.016,-0.004,0.053,0.494,-0.284,1.622,0.286,2.495,0.969,1476,1700,1695,1509,6.357,-12.637,17.150,1,81,0,0.140,0.006,0.633,0.779,0.279,-0.030,-0.083
67.966528000,15.830046000,16.070068,43,71.321587,3420,-0.0057,0.000,2.524,1.052,-0.626,-0.165,-0.081,-0.015,-0.005,0.070,0.396,-0.234,1.635,0.286,2.495,0.969,1475,1700,1697,1512,6.642,-12.665,17.047,1,81,0,0.143,0.007,0.626,0.776,0.285,-0.028,-0.082
67.982719000,15.846237000,16.079712,43,225.937637,3421,0.0065,-0.006,2.522,1.050,-0.622,-0.169,-0.088,-0.013,-0.003,0.086,0.366,-0.138,1.623,0.286,2.495,0.969,1474,1700,1700,1514,6.933,-12.692,16.946,1,81,0,0.146,0.007,0.622,0.775,0.291,-0.026,-0.081
67.999170000,15.862688000,16.090088,43,61.789421,3422,0.0061,-0.012,2.520,1.049,-0.608,-0.168,-0.093,-0.012,-0.002,0.097,0.300,-0.061,1.502,0.286,2.495,0.969,1474,1700,1703,1516,7.231,-12.716,16.845,1,81,0,0.149,0.007,0.608,0.764,0.297,-0.025,-0.080
67.999530000,15.863048000,16.099854,43,60.812454,3423,-0.0094,-0.017,2.518,1.048,-0.603,-0.171,-0.100,-0.010,0.003,0.107,0.271,0.063,1.379,0.286,2.495,0.969,1473,1700,1707,1517,7.533,-12.739,16.747,1,81,0,0.151,0.008,0.603,0.762,0.303,-0.023,-0.079
68.006232000,15.869750000,16.109741,43,2840.909180,3424,-0.0032,-0.023,2.517,1.047,-0.589,-0.173,-0.108,-0.005,0.006,0.115,0.333,0.125,1.218,0.286,2.495,0.969,1472,1700,1711,1518,7.842,-12.761,16.649,1,81,0,0.154,0.008,0.589,0.751,0.308,-0.021,-0.078
68.016803000,15.880321000,16.118530,43,149.276016,3425,0.0018,-0.028,2.515,1.046,-0.594,-0.182,-0.119,0.005,0.006,0.120,0.538,0.111,1.079,0.286,2.495,0.969,1470,1700,1716,1518,8.155,-12.780,16.554,1,81,0,0.157,0.008,0.594,0.759,0.314,-0.019,-0.076
68.024511000,15.888029000,16.130005,43,94.661110,3426,-0.0038,-0.033,2.513,1.044,-0.560,-0.174,-0.115,0.018,0.008,0.128,0.684,0.117,0.971,0.286,2.495,0.969,1471,1700,1716,1519,8.474,-12.798,16.460,1,81,0,0.159,0.008,0.560,0.728,0.319,-0.018,-0.075
68.035382000,15.898900000,16.139893,43,129.836411,3427,0.0010,-0.038,2.511,1.043,-0.544,-0.175,-0.119,0.030,0.011,0.136,0.804,0.175,0.946,0.286,2.495,0.969,1471,1700,1719,1520,8.798,-12.813,16.367,1,81,0,0.162,0.009,0.544,0.714,0.324,-0.016,-0.074
68.048668000,15.912186000,16.150024,43,92.055603,3428,0.0031,-0.043,2.510,1.042,-0.528,-0.174,-0.119,0.041,0.010,0.143,0.872,0.111,0.862,0.286,2.495,0.969,1471,1700,1721,1521,9.127,-12.828,16.276,1,81,0,0.164,0.009,0.528,0.701,0.329,-0.014,-0.073
68.057130000,15.920648000,16.159912,43,75.312546,3429,-0.0014,-0.048,2.508,1.040,-0.518,-0.174,-0.123,0.047,0.011,0.150,0.804,0.110,0.840,0.286,2.495,0.969,1470,1700,1724,1522,9.460,-12.840,16.187,1,81,0,0.167,0.009,0.518,0.695,0.334,-0.012,-0.071
68.068501000,15.932019000,16.169922,43,118.287201,3430,0.0014,-0.053,2.506,1.039,-0.511,-0.172,-0.125,0.049,0.015,0.157,0.650,0.158,0.799,0.286,2.495,0.969,1470,1700,1726,1523,9.799,-12.851,16.099,1,81,0,0.169,0.010,0.511,0.690,0.338,-0.011,-0.070
68.075686000,15.939204000,16.179443,43,88.012672,3431,-0.0023,-0.057,2.505,1.038,-0.505,-0.173,-0.126,0.051,0.015,0.163,0.543,0.126,0.753,0.286,2.495,0.969,1470,1700,1728,1524,10.142,-12.860,16.013,1,81,0,0.172,0.010,0.505,0.687,0.343,-0.009,-0.069
68.085505000,15.949023000,16.190063,43,139.314575,3432,-0.0008,-0.062,2.503,1.037,-0.488,-0.167,-0.123,0.050,0.016,0.171,0.390,0.123,0.748,0.286,2.495,0.969,1471,1700,1727,1525,10.490,-12.867,15.929,1,81,0,0.174,0.010,0.488,0.672,0.348,-0.008,-0.068
68.101526000,15.965044000,16.200073,43,101.926407,3433,0.0060,-0.067,2.501,1.035,-0.476,-0.166,-0.125,0.051,0.019,0.174,0.330,0.163,0.655,0.286,2.495,0.969,1471,1700,1729,1525,10.842,-12.873,15.846,1,81,0,0.176,0.011,0.476,0.663,0.352,-0.006,-0.066
68.115022000,15.978540000,16.210083,43,62.453159,3434,0.0035,-0.071,2.500,1.034,-0.466,-0.160,-0.128,0.050,0.022,0.181,0.223,0.198,0.662,0.286,2.495,0.969,1471,1700,1732,1526,11.198,-12.878,15.764,1,81,0,0.178,0.011,0.466,0.656,0.356,-0.004,-0.065
68.126076000,15.989594000,16.220093,43,74.139977,3435,0.0010,-0.075,2.498,1.033,-0.457,-0.156,-0.124,0.051,0.020,0.188,0.182,0.096,0.665,0.286,2.495,0.969,1472,1700,1732,1527,11.559,-12.881,15.685,1,81,0,0.180,0.012,0.457,0.649,0.361,-0.003,-0.064
68.136134000,15.999652000,16.229980,43,90.505928,3436,0.0002,-0.079,2.497,1.032,-0.445,-0.154,-0.125,0.053,0.023,0.191,0.195,0.155,0.580,0.286,2.495,0.969,1472,1700,1734,1527,11.924,-12.882,15.606,1,81,0,0.182,0.012,0.445,0.639,0.365,-0.002,-0.063
68.140816000,16.004334000,16.239868,43,99.502487,3437,-0.0052,-0.083,2.496,1.030,-0.440,-0.150,-0.124,0.050,0.027,0.195,0.049,0.211,0.541,0.286,2.495,0.969,1472,1700,1735,1528,12.293,-12.882,15.530,1,81,0,0.185,0.012,0.440,0.637,0.369,-0.000,-0.061
68.145589000,16.009107000,16.250000,43,213.858002,3438,-0.0054,-0.087,2.494,1.029,-0.430,-0.147,-0.118,0.048,0.026,0.201,0.006,0.128,0.549,0.286,2.495,0.969,1473,1700,1734,1529,12.666,-12.881,15.454,1,81,0,0.187,0.013,0.430,0.629,0.373,0.001,-0.060
68.154475000,16.017993000,16.260010,43,209.819550,3439,-0.0011,-0.091,2.493,1.028,-0.416,-0.144,-0.121,0.049,0.027,0.205,0.034,0.134,0.509,0.286,2.495,0.969,1473,1700,1737,1529,13.043,-12.879,15.380,1,81,0,0.188,0.013,0.416,0.618,0.377,0.003,-0.059
68.168310000,16.031828000,16.270020,43,112.637985,3440,0.0038,-0.095,2.492,1.027,-0.408,-0.140,-0.119,0.050,0.030,0.209,0.047,0.161,0.473,0.286,2.495,0.969,1474,1700,1737,1530,13.423,-12.875,15.308,1,81,0,0.190,0.013,0.408,0.611,0.381,0.004,-0.058
68.179080000,16.042598000,16.280029,43,72.322266,3441,0.0007,-0.099,2.490,1.026,-0.398,-0.136,-0.116,0.049,0.031,0.211,0.006,0.155,0.421,0.286,2.495,0.969,1474,1700,1737,1530,13.808,-12.870,15.237,1,81,0,0.192,0.014,0.398,0.604,0.384,0.005,-0.057
68.188530000,16.052048000,16.290039,43,93.475418,3442,-0.0006,-0.102,2.489,1.025,-0.387,-0.132,-0.114,0.047,0.031,0.216,-0.047,0.127,0.424,0.286,2.495,0.969,1475,1700,1738,1531,14.195,-12.863,15.167,1,81,0,0.194,0.014,0.387,0.595,0.388,0.006,-0.056
68.209029000,16.072547000,16.300171,43,105.909767,3443,0.0104,-0.106,2.488,1.024,-0.375,-0.126,-0.111,0.046,0.029,0.219,-0.065,0.037,0.397,0.286,2.495,0.969,1476,1700,1738,1531,14.587,-12.856,15.098,1,81,0,0.196,0.015,0.375,0.585,0.391,0.007,-0.055
68.220410000,16.083928000,16.310059,43,48.794769,3444,0.0015,-0.109,2.487,1.023,-0.372,-0.121,-0.106,0.042,0.026,0.222,-0.157,-0.040,0.381,0.286,2.495,0.969,1476,1700,1737,1532,14.982,-12.847,15.031,1,81,0,0.197,0.015,0.372,0.584,0.395,0.008,-0.054
68.220766000,16.084284000,16.320068,43,87.935280,3445,-0.0097,-0.113,2.486,1.022,-0.363,-0.122,-0.102,0.036,0.028,0.226,-0.247,0.020,0.375,0.286,2.495,0.969,1476,1700,1736,1532,15.380,-12.838,14.965,1,81,0,0.199,0.015,0.363,0.577,0.398,0.010,-0.053
68.227453000,16.090971000,16.330078,43,2849.002930,3446,-0.0033,-0.116,2.484,1.021,-0.355,-0.124,-0.096,0.032,0.028,0.231,-0.291,0.003,0.413,0.286,2.495,0.969,1475,1700,1735,1533,15.781,-12.827,14.900,1,81,0,0.201,0.016,0.355,0.572,0.402,0.011,-0.052
68.236099000,16.099617000,16.338867,43,149.611008,3447,-0.0002,-0.120,2.483,1.021,-0.368,-0.131,-0.091,0.026,0.027,0.238,-0.406,-0.014,0.514,0.286,2.495,0.969,1474,1700,1734,1534,16.187,-12.814,14.835,1,81,0,0.203,0.016,0.368,0.587,0.405,0.012,-0.052
68.244770000,16.108288000,16.350098,43,115.754135,3448,-0.0026,-0.123,2.482,1.020,-0.352,-0.129,-0.083,0.019,0.029,0.244,-0.450,0.026,0.505,0.286,2.495,0.969,1474,1700,1732,1535,16.595,-12.801,14.772,1,81,0,0.204,0.017,0.352,0.572,0.409,0.014,-0.051
68.254912000,16.118430000,16.359863,43,115.446777,3449,0.0004,-0.126,2.480,1.019,-0.348,-0.132,-0.078,0.015,0.028,0.250,-0.434,-0.006,0.540,0.286,2.495,0.969,1473,1700,1731,1536,17.007,-12.785,14.709,1,81,0,0.206,0.017,0.348,0.571,0.412,0.015,-0.050
68.265024000,16.128542000,16.369995,43,98.677719,3450,-0.0000,-0.129,2.479,1.019,-0.338,-0.130,-0.075,0.014,0.025,0.256,-0.352,-0.082,0.545,0.286,2.495,0.969,1473,1700,1731,1536,17.422,-12.769,14.647,1,81,0,0.207,0.017,0.338,0.563,0.415,0.016,-0.050
68.274414000,16.137932000,16.380005,43,98.960907,3451,-0.0006,-0.132,2.478,1.018,-0.326,-0.134,-0.070,0.013,0.022,0.257,-0.306,-0.119,0.454,0.286,2.495,0.969,1472,1700,1730,1537,17.840,-12.751,14.586,1,81,0,0.209,0.018,0.326,0.553,0.418,0.018,-0.049
68.295875000,16.159393000,16.390259,43,106.587082,3452,0.0112,-0.135,2.476,1.018,-0.318,-0.132,-0.065,0.011,0.020,0.257,-0.258,-0.138,0.340,0.286,2.495,0.969,1472,1700,1729,1536,18.261,-12.732,14.525,1,81,0,0.210,0.018,0.318,0.547,0.421,0.019,-0.049
68.316976000,16.180494000,16.399292,43,46.613525,3453,0.0121,-0.138,2.475,1.017,-0.318,-0.133,-0.062,0.010,0.019,0.257,-0.223,-0.151,0.248,0.286,2.495,0.969,1472,1700,1728,1536,18.685,-12.712,14.465,1,81,0,0.212,0.019,0.318,0.549,0.424,0.020,-0.048
68.327047000,16.190565000,16.409302,43,47.404598,3454,0.0001,-0.141,2.474,1.017,-0.311,-0.133,-0.061,0.008,0.016,0.259,-0.231,-0.178,0.241,0.286,2.495,0.969,1472,1700,1728,1537,19.111,-12.690,14.406,1,81,0,0.213,0.019,0.311,0.544,0.427,0.022,-0.047
68.330361000,16.193879000,16.420166,43,99.344330,3455,-0.0076,-0.144,2.473,1.016,-0.296,-0.129,-0.058,0.005,0.015,0.263,-0.228,-0.154,0.269,0.286,2.495,0.969,1472,1700,1728,1537,19.541,-12.667,14.347,1,81,0,0.215,0.020,0.296,0.530,0.429,0.023,-0.047
68.330701000,16.194219000,16.429932,43,302.297455,3456,-0.0094,-0.147,2.471,1.016,-0.295,-0.132,-0.056,0.001,0.015,0.269,-0.290,-0.124,0.350,0.286,2.495,0.969,1471,1700,1728,1538,19.973,-12.643,14.289,1,81,0,0.216,0.020,0.295,0.531,0.432,0.024,-0.046
68.337914000,16.201432000,16.439819,43,2994.011963,3457,-0.0027,-0.149,2.470,1.015,-0.291,-0.132,-0.054,-0.003,0.017,0.277,-0.314,-0.052,0.457,0.286,2.495,0.969,1471,1700,1728,1539,20.408,-12.617,14.231,1,81,0,0.218,0.020,0.291,0.529,0.435,0.026,-0.046
68.347048000,16.210566000,16.450073,43,138.677017,3458,-0.0011,-0.152,2.468,1.015,-0.285,-0.132,-0.051,-0.006,0.015,0.283,-0.294,-0.073,0.495,0.286,2.495,0.969,1471,1700,1727,1540,20.846,-12.590,14.175,1,81,0,0.219,0.021,0.285,0.524,0.438,0.027,-0.046
68.358179000,16.221697000,16.460083,43,109.565025,3459,0.0011,-0.155,2.467,1.014,-0.274,-0.131,-0.049,-0.005,0.016,0.287,-0.210,-0.037,0.484,0.286,2.495,0.969,1471,1697,1727,1541,21.286,-12.562,14.118,1,81,0,0.220,0.021,0.274,0.515,0.440,0.028,-0.045
68.367982000,16.231500000,16.469849,43,89.887642,3460,0.0000,-0.157,2.466,1.014,-0.268,-0.128,-0.048,-0.005,0.015,0.292,-0.165,-0.049,0.491,0.286,2.495,0.969,1471,1694,1727,1542,21.728,-12.533,14.062,1,81,0,0.221,0.022,0.268,0.511,0.443,0.029,-0.045
68.376092000,16.239610000,16.480103,43,102.092903,3461,-0.0021,-0.159,2.465,1.013,-0.257,-0.124,-0.050,-0.010,0.016,0.296,-0.232,-0.022,0.461,0.286,2.495,0.969,1472,1689,1729,1542,22.173,-12.502,14.007,1,81,0,0.222,0.022,0.257,0.502,0.445,0.031,-0.044
68.386339000,16.249857000,16.488892,43,123.380630,3462,0.0014,-0.161,2.464,1.013,-0.252,-0.126,-0.051,-0.013,0.015,0.297,-0.252,-0.030,0.374,0.286,2.495,0.969,1471,1687,1729,1542,22.620,-12.470,13.953,1,81,0,0.223,0.023,0.252,0.498,0.447,0.032,-0.044
68.408180000,16.271698000,16.500122,43,97.665787,3463,0.0106,-0.163,2.462,1.012,-0.235,-0.122,-0.048,-0.014,0.015,0.298,-0.229,-0.027,0.299,0.286,2.495,0.969,1472,1679,1728,1542,23.069,-12.437,13.899,1,81,0,0.225,0.023,0.235,0.483,0.449,0.033,-0.043
68.416389000,16.279907000,16.510010,43,45.804325,3464,-0.0017,-0.166,2.461,1.012,-0.230,-0.118,-0.043,-0.019,0.014,0.300,-0.295,-0.035,0.275,0.286,2.495,0.969,1472,1677,1727,1542,23.520,-12.403,13.845,1,81,0,0.226,0.024,0.230,0.480,0.451,0.034,-0.043
68.420468000,16.283986000,16.519775,43,121.936348,3465,-0.0057,-0.168,2.460,1.012,-0.228,-0.116,-0.041,-0.027,0.016,0.302,-0.409,0.016,0.244,0.286,2.495,0.969,1472,1676,1726,1543,23.974,-12.368,13.792,1,81,0,0.227,0.024,0.228,0.479,0.453,0.035,-0.043
68.424615000,16.288133000,16.530029,43,245.459015,3466,-0.0061,-0.170,2.459,1.011,-0.223,-0.112,-0.037,-0.031,0.017,0.304,-0.409,0.039,0.254,0.286,2.495,0.969,1473,1674,1725,1543,24.429,-12.332,13.739,1,81,0,0.228,0.024,0.223,0.475,0.455,0.036,-0.042
68.435395000,16.298913000,16.539551,43,241.429260,3467,0.0013,-0.172,2.458,1.011,-0.220,-0.109,-0.039,-0.034,0.018,0.307,-0.383,0.061,0.267,0.286,2.495,0.969,1473,1673,1726,1543,24.887,-12.295,13.687,1,81,0,0.229,0.025,0.220,0.473,0.457,0.037,-0.042
68.444721000,16.308239000,16.549805,43,92.833275,3468,-0.0009,-0.174,2.457,1.011,-0.211,-0.104,-0.038,-0.035,0.019,0.311,-0.321,0.059,0.286,0.286,2.495,0.969,1474,1669,1726,1544,25.346,-12.257,13.635,1,81,0,0.230,0.025,0.211,0.466,0.459,0.038,-0.042
68.455904000,16.319422000,16.560059,43,107.307648,3469,0.0009,-0.175,2.457,1.010,-0.198,-0.099,-0.036,-0.035,0.019,0.313,-0.230,0.037,0.274,0.286,2.495,0.969,1475,1663,1726,1544,25.807,-12.218,13.583,1,81,0,0.230,0.026,0.198,0.455,0.461,0.039,-0.041
68.468559000,16.332077000,16.570068,43,89.485458,3470,0.0026,-0.177,2.456,1.010,-0.191,-0.094,-0.037,-0.034,0.017,0.316,-0.148,-0.009,0.279,0.286,2.495,0.969,1476,1659,1727,1545,26.270,-12.179,13.533,1,81,0,0.231,0.026,0.191,0.448,0.463,0.040,-0.041
68.475785000,16.339303000,16.580078,43,79.070137,3471,-0.0028,-0.179,2.455,1.010,-0.181,-0.090,-0.036,-0.032,0.016,0.318,-0.062,-0.045,0.258,0.286,2.495,0.969,1476,1655,1727,1545,26.734,-12.138,13.482,1,81,0,0.232,0.027,0.181,0.440,0.464,0.040,-0.040
68.485790000,16.349308000,16.589966,43,138.542526,3472,0.0001,-0.180,2.454,1.009,-0.177,-0.086,-0.034,-0.034,0.015,0.321,-0.096,-0.047,0.254,0.286,2.495,0.969,1477,1653,1727,1545,27.200,-12.097,13.432,1,81,0,0.233,0.027,0.177,0.437,0.466,0.041,-0.040
68.494397000,16.357915000,16.598389,43,100.030006,3473,0.0002,-0.182,2.454,1.009,-0.179,-0.086,-0.034,-0.034,0.016,0.323,-0.090,-0.015,0.248,0.286,2.495,0.969,1477,1654,1727,1545,27.667,-12.055,13.382,1,81,0,0.234,0.028,0.179,0.440,0.467,0.042,-0.040
68.509986000,16.373504000,16.609985,43,116.292595,3474,0.0040,-0.183,2.453,1.009,-0.170,-0.081,-0.029,-0.040,0.015,0.327,-0.185,-0.022,0.288,0.286,2.495,0.969,1477,1650,1726,1546,28.136,-12.013,13.332,1,81,0,0.235,0.028,0.170,0.432,0.469,0.043,-0.040
68.514655000,16.378173000,16.619995,43,64.184853,3475,-0.0053,-0.185,2.452,1.009,-0.164,-0.079,-0.029,-0.044,0.016,0.329,-0.252,0.012,0.261,0.286,2.495,0.969,1478,1647,1726,1546,28.607,-11.969,13.283,1,81,0,0.235,0.029,0.164,0.428,0.471,0.043,-0.039
68.528211000,16.391729000,16.629883,43,214.500214,3476,0.0037,-0.187,2.451,1.008,-0.164,-0.076,-0.029,-0.050,0.018,0.332,-0.339,0.049,0.267,0.286,2.495,0.969,1478,1648,1726,1547,29.079,-11.925,13.234,1,81,0,0.236,0.029,0.164,0.429,0.472,0.044,-0.039
68.548128000,16.411646000,16.640137,43,73.806183,3477,0.0097,-0.188,2.451,1.008,-0.157,-0.072,-0.031,-0.053,0.019,0.333,-0.313,0.070,0.214,0.286,2.495,0.969,1479,1644,1728,1547,29.552,-11.881,13.185,1,81,0,0.237,0.030,0.157,0.423,0.474,0.045,-0.039
68.558066000,16.421584000,16.650024,43,50.228539,3478,0.0000,-0.189,2.450,1.007,-0.153,-0.068,-0.032,-0.054,0.020,0.335,-0.275,0.064,0.229,0.286,2.495,0.969,1479,1643,1728,1547,30.027,-11.835,13.137,1,81,0,0.237,0.030,0.153,0.421,0.475,0.045,-0.038
68.558430000,16.421948000,16.660034,43,100.684654,3479,-0.0097,-0.191,2.450,1.007,-0.147,-0.066,-0.031,-0.053,0.019,0.337,-0.179,0.028,0.208,0.286,2.495,0.969,1480,1640,1728,1547,30.503,-11.790,13.090,1,81,0,0.238,0.031,0.147,0.415,0.476,0.046,-0.038
68.565352000,16.428870000,16.670044,43,2785.515381,3480,-0.0031,-0.192,2.449,1.007,-0.142,-0.061,-0.032,-0.053,0.019,0.338,-0.135,0.033,0.201,0.286,2.495,0.969,1480,1638,1729,1548,30.981,-11.743,13.042,1,81,0,0.239,0.031,0.142,0.412,0.477,0.046,-0.038
68.574527000,16.438045000,16.680054,43,144.529556,3481,-0.0008,-0.193,2.449,1.006,-0.137,-0.058,-0.034,-0.051,0.022,0.339,-0.047,0.076,0.159,0.286,2.495,0.969,1481,1636,1729,1548,31.460,-11.697,12.996,1,81,0,0.239,0.031,0.137,0.408,0.479,0.047,-0.037
68.584885000,16.448403000,16.690063,43,109.098846,3482,0.0003,-0.194,2.448,1.006,-0.131,-0.054,-0.036,-0.049,0.023,0.339,0.011,0.085,0.135,0.286,2.495,0.969,1482,1633,1730,1548,31.939,-11.650,12.950,1,81,0,0.240,0.032,0.131,0.403,0.480,0.047,-0.037
68.595985000,16.459503000,16.699951,43,96.618355,3483,0.0007,-0.195,2.448,1.006,-0.128,-0.050,-0.040,-0.051,0.025,0.342,-0.029,0.115,0.155,0.286,2.495,0.969,1482,1632,1732,1548,32.420,-11.602,12.904,1,81,0,0.240,0.032,0.128,0.400,0.481,0.048,-0.036
68.614240000,16.477758000,16.710083,43,94.117645,3484,0.0081,-0.196,2.448,1.005,-0.122,-0.047,-0.040,-0.050,0.025,0.341,-0.018,0.100,0.106,0.286,2.495,0.969,1483,1629,1733,1548,32.902,-11.554,12.859,1,81,0,0.241,0.033,0.122,0.396,0.482,0.048,-0.036
68.622176000,16.485694000,16.720337,43,54.803528,3485,-0.0023,-0.198,2.447,1.005,-0.122,-0.044,-0.040,-0.055,0.028,0.342,-0.128,0.147,0.107,0.286,2.495,0.969,1483,1629,1733,1548,33.386,-11.506,12.814,1,81,0,0.242,0.033,0.122,0.397,0.483,0.048,-0.036
68.627100000,16.490618000,16.729980,43,126.103401,3486,-0.0047,-0.199,2.447,1.004,-0.122,-0.043,-0.038,-0.057,0.029,0.343,-0.147,0.138,0.092,0.286,2.495,0.969,1483,1629,1733,1548,33.870,-11.457,12.770,1,81,0,0.242,0.034,0.122,0.398,0.484,0.049,-0.035
68.634694000,16.498212000,16.739990,43,203.334686,3487,-0.0024,-0.200,2.446,1.004,-0.119,-0.045,-0.039,-0.063,0.029,0.344,-0.258,0.100,0.113,0.286,2.495,0.969,1483,1628,1734,1548,34.356,-11.408,12.727,1,81,0,0.243,0.034,0.119,0.396,0.486,0.049,-0.035
68.645413000,16.508931000,16.749878,43,131.839157,3488,0.0008,-0.201,2.446,1.004,-0.114,-0.047,-0.039,-0.066,0.030,0.345,-0.260,0.092,0.088,0.286,2.495,0.969,1482,1626,1734,1548,34.842,-11.358,12.683,1,81,0,0.243,0.035,0.114,0.392,0.487,0.050,-0.035
68.658463000,16.521981000,16.759888,43,93.361961,3489,0.0030,-0.202,2.445,1.003,-0.111,-0.048,-0.041,-0.070,0.031,0.346,-0.316,0.088,0.112,0.286,2.495,0.969,1482,1625,1735,1549,35.330,-11.308,12.641,1,81,0,0.244,0.035,0.111,0.390,0.488,0.050,-0.034
68.667325000,16.530843000,16.770020,43,76.675354,3490,-0.0013,-0.203,2.445,1.003,-0.107,-0.051,-0.039,-0.070,0.031,0.347,-0.230,0.070,0.095,0.286,2.495,0.969,1482,1623,1735,1549,35.819,-11.257,12.599,1,81,0,0.244,0.036,0.107,0.387,0.489,0.051,-0.034
68.674828000,16.538346000,16.780029,43,112.930550,3491,-0.0025,-0.204,2.444,1.002,-0.106,-0.050,-0.042,-0.072,0.030,0.349,-0.221,0.039,0.117,0.286,2.495,0.969,1481,1623,1737,1549,36.308,-11.206,12.557,1,81,0,0.245,0.036,0.106,0.387,0.490,0.051,-0.033
68.685777000,16.549295000,16.790039,43,133.368896,3492,0.0009,-0.205,2.444,1.002,-0.103,-0.049,-0.045,-0.072,0.030,0.350,-0.157,0.028,0.112,0.286,2.495,0.969,1482,1622,1738,1549,36.799,-11.154,12.516,1,81,0,0.245,0.037,0.103,0.385,0.491,0.052,-0.033
68.697952000,16.561470000,16.800049,43,91.399323,3493,0.0022,-0.206,2.443,1.001,-0.099,-0.049,-0.047,-0.070,0.029,0.350,-0.075,0.004,0.101,0.286,2.495,0.969,1482,1620,1740,1549,37.290,-11.102,12.476,1,81,0,0.246,0.037,0.099,0.382,0.491,0.052,-0.032
68.714803000,16.578321000,16.810059,43,82.182777,3494,0.0068,-0.207,2.443,1.001,-0.098,-0.048,-0.050,-0.071,0.031,0.352,-0.074,0.038,0.118,0.286,2.495,0.969,1482,1620,1741,1549,37.782,-11.050,12.437,1,81,0,0.246,0.038,0.098,0.382,0.492,0.053,-0.032
68.720895000,16.584413000,16.820435,43,59.361271,3495,-0.0043,-0.208,2.442,1.000,-0.097,-0.047,-0.049,-0.070,0.031,0.352,-0.040,0.031,0.091,0.286,2.495,0.969,1482,1619,1742,1549,38.276,-10.996,12.398,1,81,0,0.247,0.038,0.097,0.382,0.493,0.053,-0.031
68.728528000,16.592046000,16.830078,43,164.365555,3496,-0.0020,-0.209,2.442,1.000,-0.099,-0.048,-0.051,-0.071,0.032,0.353,-0.064,0.057,0.096,0.286,2.495,0.969,1481,1620,1743,1550,38.770,-10.943,12.360,1,81,0,0.247,0.039,0.099,0.385,0.494,0.054,-0.031
68.741925000,16.605443000,16.840332,43,131.113144,3497,0.0031,-0.210,2.441,0.999,-0.097,-0.049,-0.053,-0.072,0.033,0.354,-0.050,0.068,0.096,0.286,2.495,0.969,1481,1620,1744,1550,39.265,-10.889,12.322,1,81,0,0.248,0.039,0.097,0.384,0.495,0.054,-0.030
68.752283000,16.615801000,16.850342,43,74.693756,3498,0.0003,-0.211,2.441,0.998,-0.096,-0.051,-0.057,-0.072,0.033,0.356,-0.049,0.056,0.119,0.286,2.495,0.969,1481,1620,1747,1550,39.762,-10.834,12.286,1,81,0,0.248,0.040,0.096,0.384,0.496,0.055,-0.029
68.765697000,16.629215000,16.859741,43,96.609024,3499,0.0040,-0.211,2.440,0.998,-0.095,-0.052,-0.062,-0.072,0.034,0.359,-0.042,0.058,0.165,0.286,2.495,0.969,1480,1619,1749,1551,40.259,-10.779,12.250,1,81,0,0.249,0.040,0.095,0.384,0.497,0.055,-0.029
68.771642000,16.635160000,16.869873,43,74.582336,3500,-0.0042,-0.212,2.440,0.997,-0.093,-0.051,-0.066,-0.070,0.034,0.361,0.024,0.041,0.173,0.286,2.495,0.969,1480,1618,1751,1551,40.757,-10.723,12.215,1,81,0,0.249,0.041,0.093,0.383,0.498,0.056,-0.028
68.777002000,16.640520000,16.880127,43,168.378510,3501,-0.0049,-0.213,2.439,0.996,-0.092,-0.048,-0.070,-0.068,0.035,0.364,0.059,0.058,0.204,0.286,2.495,0.969,1481,1618,1754,1551,41.255,-10.667,12.182,1,81,0,0.249,0.041,0.092,0.382,0.499,0.056,-0.027
68.786176000,16.649694000,16.890015,43,186.741364,3502,-0.0007,-0.214,2.439,0.995,-0.091,-0.047,-0.073,-0.066,0.036,0.366,0.099,0.063,0.192,0.286,2.495,0.969,1481,1618,1756,1551,41.755,-10.610,12.149,1,81,0,0.250,0.042,0.091,0.383,0.500,0.057,-0.026
68.795574000,16.659092000,16.900024,43,109.110748,3503,-0.0006,-0.215,2.438,0.994,-0.091,-0.046,-0.076,-0.065,0.038,0.367,0.103,0.091,0.191,0.286,2.495,0.969,1481,1618,1758,1552,42.256,-10.553,12.118,1,81,0,0.250,0.042,0.091,0.384,0.501,0.057,-0.025
68.807369000,16.670887000,16.910034,43,106.496269,3504,0.0018,-0.216,2.438,0.993,-0.091,-0.046,-0.080,-0.063,0.039,0.368,0.133,0.096,0.162,0.286,2.495,0.969,1481,1618,1761,1552,42.757,-10.496,12.087,1,81,0,0.251,0.043,0.091,0.385,0.502,0.057,-0.024
68.820238000,16.683756000,16.919800,43,84.846428,3505,0.0031,-0.217,2.438,0.992,-0.092,-0.046,-0.086,-0.063,0.040,0.369,0.089,0.108,0.152,0.286,2.495,0.969,1481,1619,1764,1552,43.260,-10.438,12.058,1,81,0,0.251,0.043,0.092,0.386,0.502,0.058,-0.023
68.828032000,16.691550000,16.930054,43,77.748405,3506,-0.0025,-0.218,2.437,0.991,-0.091,-0.046,-0.088,-0.062,0.043,0.370,0.106,0.139,0.120,0.286,2.495,0.969,1481,1619,1766,1552,43.763,-10.380,12.030,1,81,0,0.252,0.044,0.091,0.387,0.503,0.058,-0.022
68.838875000,16.702393000,16.940063,43,128.402664,3507,0.0008,-0.219,2.437,0.990,-0.091,-0.044,-0.092,-0.061,0.047,0.370,0.095,0.207,0.108,0.286,2.495,0.969,1481,1619,1768,1552,44.267,-10.321,12.004,1,81,0,0.252,0.044,0.091,0.387,0.504,0.059,-0.021
68.846980000,16.710498000,16.950073,43,92.284973,3508,-0.0019,-0.220,2.436,0.989,-0.091,-0.045,-0.095,-0.057,0.049,0.370,0.171,0.218,0.070,0.286,2.495,0.969,1481,1619,1770,1552,44.773,-10.262,11.978,1,81,0,0.253,0.045,0.091,0.388,0.505,0.059,-0.020
68.854475000,16.717993000,16.960205,43,123.472031,3509,-0.0026,-0.220,2.436,0.988,-0.088,-0.045,-0.098,-0.054,0.052,0.372,0.197,0.232,0.101,0.286,2.495,0.969,1481,1618,1772,1552,45.279,-10.202,11.954,1,81,0,0.253,0.045,0.088,0.387,0.506,0.060,-0.019
68.867590000,16.731108000,16.970093,43,133.564850,3510,0.0032,-0.221,2.435,0.987,-0.086,-0.044,-0.103,-0.049,0.053,0.373,0.287,0.210,0.092,0.286,2.495,0.969,1481,1617,1775,1552,45.785,-10.142,11.932,1,81,0,0.253,0.046,0.086,0.385,0.507,0.060,-0.018
68.874454000,16.737972000,16.980103,43,76.295113,3511,-0.0032,-0.222,2.435,0.986,-0.085,-0.042,-0.106,-0.046,0.055,0.375,0.288,0.189,0.127,0.286,2.495,0.969,1481,1617,1778,1553,46.293,-10.081,11.911,1,81,0,0.254,0.046,0.085,0.385,0.508,0.060,-0.017
68.886052000,16.749570000,16.989990,43,145.815109,3512,0.0017,-0.223,2.435,0.985,-0.083,-0.042,-0.107,-0.043,0.056,0.376,0.287,0.187,0.113,0.286,2.495,0.969,1481,1616,1779,1553,46.801,-10.021,11.891,1,81,0,0.254,0.047,0.083,0.384,0.508,0.061,-0.016
68.898957000,16.762475000,17.000000,43,86.288719,3513,0.0029,-0.224,2.434,0.984,-0.084,-0.039,-0.107,-0.042,0.059,0.378,0.235,0.217,0.135,0.286,2.495,0.969,1482,1617,1780,1553,47.311,-9.959,11.873,1,81,0,0.255,0.047,0.084,0.386,0.509,0.061,-0.015
68.904464000,16.767982000,17.010010,43,77.537415,3514,-0.0045,-0.224,2.434,0.983,-0.083,-0.039,-0.106,-0.042,0.062,0.378,0.174,0.226,0.113,0.286,2.495,0.969,1482,1617,1781,1553,47.821,-9.898,11.856,1,81,0,0.255,0.048,0.083,0.386,0.510,0.062,-0.014
68.922655000,16.786173000,17.020020,43,181.752090,3515,0.0082,-0.225,2.433,0.982,-0.084,-0.039,-0.107,-0.042,0.065,0.380,0.130,0.239,0.126,0.286,2.495,0.969,1481,1618,1783,1553,48.332,-9.836,11.840,1,81,0,0.255,0.048,0.084,0.388,0.511,0.062,-0.013
68.932334000,16.795852000,17.030029,43,54.999451,3516,-0.0003,-0.226,2.433,0.981,-0.084,-0.038,-0.106,-0.043,0.068,0.381,0.083,0.252,0.131,0.286,2.495,0.969,1482,1618,1784,1554,48.843,-9.774,11.826,1,81,0,0.256,0.049,0.084,0.388,0.512,0.062,-0.012
68.943852000,16.807370000,17.039917,43,103.391235,3517,0.0016,-0.227,2.433,0.980,-0.083,-0.038,-0.105,-0.044,0.070,0.383,0.039,0.255,0.134,0.286,2.495,0.969,1482,1617,1784,1554,49.356,-9.711,11.813,1,81,0,0.256,0.049,0.083,0.389,0.513,0.063,-0.011
68.951307000,16.814825000,17.049438,43,86.865883,3518,-0.0021,-0.228,2.432,0.979,-0.082,-0.036,-0.104,-0.045,0.071,0.384,-0.010,0.217,0.146,0.286,2.495,0.969,1482,1617,1786,1554,49.869,-9.648,11.801,1,81,0,0.257,0.050,0.082,0.389,0.513,0.063,-0.010
68.961981000,16.825499000,17.059937,43,134.300293,3519,0.0002,-0.228,2.432,0.978,-0.078,-0.039,-0.100,-0.046,0.072,0.387,-0.020,0.172,0.173,0.286,2.495,0.969,1481,1616,1785,1554,50.383,-9.584,11.790,1,81,0,0.257,0.050,0.078,0.386,0.514,0.063,-0.009
68.974770000,16.838288000,17.068848,43,93.738281,3520,0.0039,-0.229,2.432,0.977,-0.081,-0.041,-0.103,-0.046,0.072,0.390,-0.024,0.146,0.220,0.286,2.495,0.969,1481,1617,1787,1555,50.898,-9.521,11.780,1,81,0,0.257,0.051,0.081,0.389,0.515,0.064,-0.008
68.984828000,16.848346000,17.080322,43,78.241142,3521,-0.0014,-0.230,2.431,0.976,-0.076,-0.039,-0.096,-0.047,0.074,0.392,-0.028,0.145,0.209,0.286,2.495,0.969,1481,1615,1786,1555,51.414,-9.456,11.772,1,81,0,0.258,0.051,0.076,0.385,0.516,0.064,-0.007
68.996507000,16.860025000,17.090210,43,99.482689,3522,0.0018,-0.231,2.431,0.975,-0.077,-0.039,-0.093,-0.048,0.076,0.395,-0.059,0.158,0.218,0.286,2.495,0.969,1481,1616,1786,1556,51.930,-9.392,11.764,1,81,0,0.258,0.052,0.077,0.388,0.516,0.065,-0.006
68.996857000,16.860375000,17.099976,43,85.667778,3523,-0.0094,-0.232,2.430,0.974,-0.079,-0.039,-0.090,-0.048,0.078,0.396,-0.049,0.177,0.194,0.286,2.495,0.969,1481,1617,1786,1556,52.447,-9.327,11.758,1,81,0,0.259,0.052,0.079,0.390,0.517,0.065,-0.005
69.006626000,16.870144000,17.109985,43,2906.976807,3524,-0.0002,-0.232,2.430,0.973,-0.080,-0.037,-0.088,-0.050,0.081,0.397,-0.087,0.196,0.186,0.286,2.495,0.969,1481,1617,1786,1556,52.965,-9.261,11.753,1,81,0,0.259,0.053,0.080,0.392,0.518,0.065,-0.004
69.022140000,16.885658000,17.119995,43,102.406555,3525,0.0055,-0.233,2.430,0.973,-0.080,-0.036,-0.086,-0.049,0.082,0.399,-0.045,0.179,0.191,0.286,2.495,0.969,1481,1618,1786,1556,53.484,-9.196,11.748,1,81,0,0.259,0.053,0.080,0.392,0.519,0.066,-0.004
69.026028000,16.889546000,17.130005,43,64.487007,3526,-0.0061,-0.234,2.429,0.972,-0.081,-0.036,-0.085,-0.051,0.083,0.403,-0.070,0.171,0.240,0.286,2.495,0.969,1481,1618,1787,1557,54.003,-9.130,11.745,1,81,0,0.260,0.054,0.081,0.395,0.520,0.066,-0.003
69.036256000,16.899774000,17.140015,43,257.731964,3527,0.0002,-0.235,2.429,0.971,-0.080,-0.036,-0.081,-0.049,0.085,0.406,0.006,0.161,0.250,0.286,2.495,0.969,1481,1618,1786,1557,54.524,-9.063,11.742,1,81,0,0.260,0.055,0.080,0.395,0.520,0.066,-0.002
69.048458000,16.911976000,17.150024,43,97.837784,3528,0.0022,-0.236,2.429,0.970,-0.081,-0.035,-0.079,-0.049,0.086,0.409,-0.002,0.159,0.262,0.286,2.495,0.969,1481,1619,1787,1558,55.045,-8.997,11.741,1,81,0,0.261,0.055,0.081,0.397,0.521,0.067,-0.001
69.056229000,16.919747000,17.160034,43,82.000816,3529,-0.0022,-0.236,2.428,0.970,-0.080,-0.034,-0.075,-0.047,0.087,0.410,0.046,0.141,0.224,0.286,2.495,0.969,1481,1619,1786,1558,55.567,-8.930,11.740,1,81,0,0.261,0.056,0.080,0.396,0.522,0.067,-0.001
69.064817000,16.928335000,17.169922,43,128.783005,3530,-0.0013,-0.237,2.428,0.969,-0.077,-0.035,-0.076,-0.042,0.087,0.411,0.148,0.106,0.197,0.286,2.495,0.969,1481,1618,1787,1558,56.089,-8.862,11.740,1,81,0,0.261,0.056,0.077,0.395,0.523,0.067,0.000
69.074539000,16.938057000,17.179810,43,116.536537,3531,-0.0002,-0.238,2.428,0.968,-0.075,-0.034,-0.075,-0.039,0.088,0.413,0.190,0.089,0.191,0.286,2.495,0.969,1481,1616,1788,1558,56.613,-8.794,11.741,1,81,0,0.262,0.057,0.075,0.393,0.523,0.068,0.001
69.084763000,16.948281000,17.190063,43,102.944206,3532,-0.0000,-0.238,2.428,0.968,-0.072,-0.030,-0.074,-0.034,0.088,0.415,0.260,0.080,0.179,0.286,2.495,0.969,1482,1615,1788,1558,57.137,-8.727,11.743,1,81,0,0.262,0.057,0.072,0.391,0.524,0.068,0.002
69.095240000,16.958758000,17.199951,43,97.885666,3533,0.0006,-0.239,2.427,0.967,-0.069,-0.028,-0.072,-0.029,0.089,0.415,0.323,0.091,0.157,0.286,2.495,0.969,1482,1614,1788,1558,57.661,-8.658,11.746,1,81,0,0.262,0.058,0.069,0.389,0.525,0.068,0.002
69.106819000,16.970337000,17.210083,43,95.520103,3534,0.0014,-0.240,2.427,0.966,-0.066,-0.025,-0.069,-0.028,0.091,0.417,0.276,0.108,0.148,0.286,2.495,0.969,1483,1613,1788,1559,58.186,-8.590,11.749,1,81,0,0.263,0.058,0.066,0.387,0.525,0.068,0.003
69.121233000,16.984751000,17.219971,43,86.422951,3535,0.0045,-0.240,2.427,0.966,-0.066,-0.022,-0.067,-0.028,0.092,0.418,0.217,0.118,0.137,0.286,2.495,0.969,1483,1613,1788,1559,58.712,-8.522,11.753,1,81,0,0.263,0.059,0.066,0.387,0.526,0.068,0.003
69.124823000,16.988341000,17.229248,43,69.415520,3536,-0.0057,-0.241,2.427,0.965,-0.064,-0.020,-0.066,-0.026,0.094,0.418,0.201,0.142,0.120,0.286,2.495,0.969,1484,1612,1788,1559,59.239,-8.453,11.758,1,81,0,0.263,0.059,0.064,0.387,0.526,0.069,0.004
69.134397000,16.997915000,17.239990,43,279.017853,3537,-0.0012,-0.241,2.427,0.964,-0.060,-0.017,-0.063,-0.027,0.096,0.419,0.126,0.140,0.105,0.286,2.495,0.969,1484,1610,1788,1559,59.765,-8.385,11.764,1,81,0,0.263,0.060,0.060,0.383,0.527,0.069,0.005
69.152568000,17.016086000,17.249756,43,104.547829,3538,0.0084,-0.242,2.427,0.964,-0.058,-0.015,-0.060,-0.030,0.098,0.421,0.033,0.153,0.125,0.286,2.495,0.969,1485,1610,1788,1559,60.293,-8.316,11.770,1,81,0,0.264,0.060,0.058,0.382,0.527,0.069,0.005
69.163261000,17.026779000,17.259644,43,55.056984,3539,0.0008,-0.242,2.427,0.964,-0.055,-0.013,-0.056,-0.031,0.099,0.422,0.001,0.149,0.112,0.286,2.495,0.969,1485,1608,1787,1559,60.821,-8.247,11.777,1,81,0,0.264,0.061,0.055,0.379,0.528,0.069,0.006
69.167815000,17.031333000,17.270020,43,93.580383,3540,-0.0058,-0.243,2.427,0.963,-0.050,-0.011,-0.051,-0.032,0.100,0.422,-0.040,0.132,0.107,0.286,2.495,0.969,1485,1606,1785,1559,61.349,-8.178,11.785,1,81,0,0.264,0.061,0.050,0.376,0.528,0.069,0.006
69.178247000,17.041765000,17.279541,43,219.828537,3541,0.0009,-0.243,2.427,0.963,-0.048,-0.009,-0.049,-0.036,0.101,0.424,-0.117,0.137,0.110,0.286,2.495,0.969,1486,1605,1785,1560,61.877,-8.109,11.792,1,81,0,0.264,0.062,0.048,0.374,0.529,0.069,0.006
69.187467000,17.050985000,17.289917,43,95.932465,3542,-0.0012,-0.243,2.427,0.962,-0.046,-0.008,-0.047,-0.038,0.103,0.425,-0.154,0.134,0.105,0.286,2.495,0.969,1486,1604,1785,1560,62.406,-8.040,11.801,1,81,0,0.265,0.062,0.046,0.373,0.529,0.069,0.007
69.198854000,17.062372000,17.300049,43,108.542274,3543,0.0012,-0.244,2.426,0.962,-0.044,-0.008,-0.044,-0.041,0.103,0.425,-0.182,0.118,0.095,0.286,2.495,0.969,1486,1603,1784,1560,62.936,-7.971,11.810,1,81,0,0.265,0.063,0.044,0.371,0.529,0.069,0.007
69.207953000,17.071471000,17.310059,43,87.865738,3544,-0.0009,-0.244,2.426,0.962,-0.042,-0.007,-0.041,-0.044,0.104,0.426,-0.200,0.102,0.103,0.286,2.495,0.969,1486,1602,1784,1560,63.466,-7.902,11.819,1,81,0,0.265,0.063,0.042,0.370,0.530,0.069,0.007
69.215075000,17.078593000,17.320068,43,109.974709,3545,-0.0029,-0.244,2.426,0.961,-0.040,-0.006,-0.039,-0.046,0.105,0.429,-0.215,0.099,0.134,0.286,2.495,0.969,1486,1602,1783,1560,63.996,-7.833,11.829,1,81,0,0.265,0.064,0.040,0.369,0.530,0.069,0.008
69.229939000,17.093457000,17.329956,43,140.567902,3546,0.0050,-0.245,2.426,0.961,-0.038,-0.006,-0.035,-0.048,0.106,0.431,-0.203,0.112,0.152,0.286,2.495,0.969,1486,1601,1782,1561,64.526,-7.764,11.839,1,81,0,0.265,0.065,0.038,0.368,0.530,0.069,0.008
69.234461000,17.097979000,17.340088,43,67.312874,3547,-0.0056,-0.245,2.426,0.961,-0.038,-0.007,-0.031,-0.050,0.106,0.433,-0.194,0.073,0.164,0.286,2.495,0.969,1486,1601,1781,1561,65.057,-7.695,11.849,1,81,0,0.265,0.065,0.038,0.369,0.531,0.069,0.008
69.248031000,17.111549000,17.348877,43,221.385880,3548,0.0048,-0.245,2.426,0.961,-0.036,-0.008,-0.030,-0.050,0.106,0.433,-0.159,0.056,0.119,0.286,2.495,0.969,1486,1600,1781,1561,65.588,-7.626,11.859,1,81,0,0.266,0.066,0.036,0.367,0.531,0.069,0.008
69.261179000,17.124697000,17.359741,43,73.735435,3549,0.0023,-0.246,2.426,0.961,-0.034,-0.009,-0.026,-0.050,0.105,0.434,-0.126,0.012,0.114,0.286,2.495,0.969,1485,1599,1780,1561,66.119,-7.556,11.870,1,81,0,0.266,0.066,0.034,0.366,0.531,0.069,0.009
69.265451000,17.128969000,17.370239,43,76.097710,3550,-0.0062,-0.246,2.426,0.960,-0.032,-0.009,-0.023,-0.051,0.105,0.435,-0.101,0.008,0.112,0.286,2.495,0.969,1486,1598,1779,1561,66.651,-7.487,11.881,1,81,0,0.266,0.067,0.032,0.364,0.532,0.070,0.009
69.279373000,17.142891000,17.379272,43,234.411621,3551,0.0049,-0.246,2.426,0.960,-0.031,-0.009,-0.020,-0.051,0.104,0.435,-0.082,-0.013,0.102,0.286,2.495,0.969,1485,1598,1778,1561,67.183,-7.417,11.892,1,81,0,0.266,0.067,0.031,0.365,0.532,0.070,0.009
69.285862000,17.149380000,17.390015,43,71.870056,3552,-0.0043,-0.247,2.426,0.960,-0.030,-0.010,-0.018,-0.051,0.104,0.436,-0.072,-0.016,0.085,0.286,2.495,0.969,1485,1598,1777,1561,67.715,-7.347,11.903,1,81,0,0.266,0.068,0.030,0.364,0.532,0.070,0.009
69.294484000,17.158002000,17.400024,43,154.273376,3553,-0.0014,-0.247,2.426,0.960,-0.030,-0.010,-0.016,-0.052,0.103,0.436,-0.072,-0.024,0.071,0.286,2.495,0.969,1485,1598,1777,1561,68.247,-7.277,11.914,1,81,0,0.266,0.068,0.030,0.364,0.532,0.070,0.009
69.304870000,17.168388000,17.410278,43,116.090088,3554,0.0001,-0.247,2.425,0.960,-0.030,-0.011,-0.014,-0.053,0.103,0.437,-0.079,-0.027,0.070,0.286,2.495,0.969,1485,1598,1776,1561,68.780,-7.207,11.925,1,81,0,0.266,0.069,0.030,0.365,0.533,0.070,0.009
69.316025000,17.179543000,17.420044,43,96.357681,3555,0.0014,-0.247,2.425,0.960,-0.030,-0.011,-0.012,-0.054,0.102,0.438,-0.077,-0.033,0.080,0.286,2.495,0.969,1485,1599,1776,1562,69.313,-7.137,11.937,1,81,0,0.267,0.069,0.030,0.366,0.533,0.070,0.009
69.330930000,17.194448000,17.430054,43,89.702187,3556,0.0049,-0.248,2.425,0.960,-0.031,-0.010,-0.010,-0.054,0.102,0.439,-0.069,-0.023,0.092,0.286,2.495,0.969,1485,1599,1775,1562,69.847,-7.067,11.948,1,81,0,0.267,0.070,0.031,0.368,0.533,0.070,0.009
69.338090000,17.201608000,17.439819,43,67.123100,3557,-0.0026,-0.248,2.425,0.960,-0.033,-0.009,-0.010,-0.054,0.102,0.441,-0.048,-0.020,0.108,0.286,2.495,0.969,1485,1600,1775,1562,70.380,-6.997,11.960,1,81,0,0.267,0.070,0.033,0.370,0.534,0.070,0.009
69.345655000,17.209173000,17.449951,43,139.801483,3558,-0.0026,-0.248,2.425,0.960,-0.032,-0.007,-0.009,-0.053,0.101,0.442,-0.003,-0.033,0.104,0.286,2.495,0.969,1486,1600,1775,1562,70.914,-6.927,11.972,1,81,0,0.267,0.071,0.032,0.370,0.534,0.070,0.009
69.354499000,17.218017000,17.460083,43,132.292633,3559,-0.0013,-0.249,2.425,0.960,-0.033,-0.006,-0.008,-0.051,0.101,0.442,0.040,-0.035,0.083,0.286,2.495,0.969,1486,1600,1774,1562,71.449,-6.856,11.983,1,81,0,0.267,0.071,0.033,0.371,0.534,0.070,0.009
69.367775000,17.231293000,17.470337,43,113.160576,3560,0.0030,-0.249,2.425,0.960,-0.033,-0.004,-0.007,-0.050,0.101,0.442,0.057,-0.022,0.060,0.286,2.495,0.969,1486,1601,1774,1562,71.984,-6.786,11.995,1,81,0,0.267,0.072,0.033,0.372,0.535,0.070,0.009
69.374830000,17.238348000,17.479980,43,75.369308,3561,-0.0026,-0.250,2.425,0.960,-0.033,-0.003,-0.006,-0.050,0.102,0.441,0.048,0.002,0.037,0.286,2.495,0.969,1486,1601,1775,1562,72.519,-6.716,12.007,1,81,0,0.268,0.073,0.033,0.373,0.535,0.070,0.009
69.385094000,17.248612000,17.489746,43,141.864090,3562,0.0005,-0.250,2.425,0.960,-0.034,-0.001,-0.005,-0.049,0.102,0.442,0.041,0.009,0.038,0.286,2.495,0.969,1487,1601,1775,1562,73.054,-6.646,12.019,1,81,0,0.268,0.073,0.034,0.374,0.535,0.070,0.009
69.394693000,17.258211000,17.500000,43,97.494392,3563,-0.0007,-0.250,2.425,0.960,-0.033,-0.000,-0.005,-0.049,0.103,0.443,0.030,0.017,0.050,0.286,2.495,0.969,1487,1601,1774,1562,73.590,-6.575,12.031,1,81,0,0.268,0.074,0.033,0.375,0.536,0.070,0.010
69.405620000,17.269138000,17.509888,43,104.264412,3564,0.0010,-0.251,2.425,0.960,-0.034,-0.000,-0.003,-0.050,0.103,0.444,0.008,0.023,0.061,0.286,2.495,0.969,1487,1602,1774,1562,74.126,-6.505,12.043,1,81,0,0.268,0.074,0.034,0.376,0.536,0.070,0.010
69.424619000,17.288137000,17.520020,43,91.566704,3565,0.0089,-0.251,2.425,0.960,-0.034,-0.001,-0.003,-0.051,0.103,0.445,-0.008,0.011,0.074,0.286,2.495,0.969,1487,1602,1774,1563,74.663,-6.435,12.055,1,81,0,0.268,0.075,0.034,0.377,0.536,0.070,0.010
69.432498000,17.296016000,17.529785,43,52.659294,3566,-0.0019,-0.251,2.425,0.960,-0.034,-0.001,-0.003,-0.051,0.103,0.446,-0.020,0.008,0.096,0.286,2.495,0.969,1487,1602,1774,1563,75.199,-6.365,12.067,1,81,0,0.268,0.075,0.034,0.378,0.537,0.070,0.010
69.435943000,17.299461000,17.539795,43,127.016388,3567,-0.0066,-0.252,2.425,0.960,-0.035,-0.001,-0.002,-0.052,0.103,0.448,-0.044,0.020,0.107,0.286,2.495,0.969,1487,1603,1773,1563,75.737,-6.295,12.078,1,81,0,0.269,0.076,0.035,0.380,0.537,0.070,0.010
69.448588000,17.312106000,17.550049,43,290.782196,3568,0.0024,-0.252,2.425,0.960,-0.035,-0.002,-0.001,-0.052,0.103,0.448,-0.022,0.012,0.092,0.286,2.495,0.969,1487,1603,1773,1563,76.274,-6.224,12.090,1,81,0,0.269,0.076,0.035,0.380,0.538,0.070,0.010
69.458308000,17.321826000,17.559937,43,79.138969,3569,-0.0002,-0.252,2.425,0.960,-0.036,-0.003,-0.000,-0.051,0.103,0.449,0.017,-0.001,0.076,0.286,2.495,0.969,1486,1604,1773,1563,76.812,-6.154,12.102,1,81,0,0.269,0.077,0.036,0.381,0.538,0.070,0.009
69.472248000,17.335766000,17.569824,43,102.965401,3570,0.0040,-0.253,2.425,0.960,-0.035,-0.005,0.000,-0.049,0.102,0.449,0.049,-0.020,0.063,0.286,2.495,0.969,1486,1603,1773,1563,77.350,-6.083,12.114,1,81,0,0.269,0.077,0.035,0.381,0.538,0.070,0.009
69.479737000,17.343255000,17.580078,43,71.766899,3571,-0.0028,-0.253,2.425,0.960,-0.033,-0.005,-0.001,-0.048,0.101,0.449,0.073,-0.036,0.050,0.286,2.495,0.969,1486,1603,1773,1563,77.889,-6.013,12.126,1,81,0,0.269,0.078,0.033,0.380,0.539,0.071,0.010
69.487599000,17.351117000,17.590210,43,133.654099,3572,-0.0023,-0.253,2.425,0.960,-0.031,-0.005,-0.001,-0.046,0.100,0.449,0.102,-0.049,0.042,0.286,2.495,0.969,1486,1602,1773,1563,78.428,-5.942,12.138,1,81,0,0.269,0.078,0.031,0.379,0.539,0.071,0.010
69.494569000,17.358087000,17.599976,43,127.291245,3573,-0.0028,-0.253,2.425,0.960,-0.031,-0.006,-0.000,-0.045,0.100,0.449,0.097,-0.045,0.036,0.286,2.495,0.969,1486,1602,1773,1563,78.967,-5.872,12.150,1,81,0,0.270,0.079,0.031,0.380,0.539,0.071,0.010
69.504411000,17.367929000,17.609985,43,143.595642,3574,-0.0002,-0.254,2.425,0.960,-0.032,-0.006,0.001,-0.044,0.100,0.450,0.086,-0.041,0.039,0.286,2.495,0.969,1486,1603,1773,1563,79.506,-5.801,12.162,1,81,0,0.270,0.080,0.032,0.381,0.539,0.071,0.009
69.518440000,17.381958000,17.619873,43,101.688019,3575,0.0041,-0.254,2.425,0.960,-0.032,-0.007,0.000,-0.044,0.099,0.451,0.083,-0.045,0.062,0.286,2.495,0.969,1485,1603,1773,1563,80.046,-5.730,12.174,1,81,0,0.270,0.080,0.032,0.382,0.540,0.071,0.009
69.535380000,17.398898000,17.630005,43,71.316505,3576,0.0068,-0.255,2.425,0.960,-0.033,-0.008,-0.000,-0.043,0.098,0.453,0.071,-0.057,0.084,0.286,2.495,0.969,1485,1604,1773,1564,80.586,-5.659,12.185,1,81,0,0.270,0.081,0.033,0.384,0.540,0.071,0.010
69.538494000,17.402012000,17.640015,43,59.059769,3577,-0.0069,-0.255,2.424,0.959,-0.033,-0.007,-0.002,-0.043,0.098,0.454,0.049,-0.043,0.090,0.286,2.495,0.969,1485,1604,1774,1564,81.126,-5.588,12.197,1,81,0,0.270,0.081,0.033,0.384,0.540,0.071,0.010
69.544596000,17.408114000,17.650024,43,321.957489,3578,-0.0039,-0.255,2.424,0.959,-0.032,-0.007,-0.003,-0.044,0.098,0.455,0.035,-0.042,0.089,0.286,2.495,0.969,1485,1604,1774,1564,81.667,-5.517,12.210,1,81,0,0.270,0.082,0.032,0.385,0.541,0.071,0.010
69.558491000,17.422009000,17.660034,43,164.095825,3579,0.0039,-0.255,2.424,0.959,-0.033,-0.008,-0.004,-0.042,0.097,0.455,0.054,-0.039,0.075,0.286,2.495,0.969,1485,1604,1774,1564,82.208,-5.446,12.222,1,81,0,0.271,0.082,0.033,0.386,0.541,0.071,0.010
69.567349000,17.430867000,17.669922,43,72.009796,3580,-0.0010,-0.256,2.424,0.959,-0.033,-0.008,-0.006,-0.041,0.098,0.455,0.070,-0.017,0.064,0.286,2.495,0.969,1485,1604,1775,1564,82.750,-5.375,12.234,1,81,0,0.271,0.083,0.033,0.386,0.541,0.071,0.010
69.576806000,17.440324000,17.679932,43,113.007118,3581,-0.0006,-0.256,2.424,0.959,-0.031,-0.007,-0.009,-0.040,0.098,0.455,0.083,-0.016,0.053,0.286,2.495,0.969,1485,1604,1777,1564,83.291,-5.304,12.246,1,81,0,0.271,0.083,0.031,0.385,0.542,0.071,0.010
69.584049000,17.447567000,17.689575,43,105.831306,3582,-0.0024,-0.256,2.424,0.959,-0.031,-0.008,-0.012,-0.039,0.098,0.456,0.086,-0.016,0.054,0.286,2.495,0.969,1485,1604,1778,1564,83.833,-5.232,12.259,1,81,0,0.271,0.084,0.031,0.386,0.542,0.071,0.010
69.595606000,17.459124000,17.700073,43,138.216995,3583,0.0011,-0.257,2.424,0.959,-0.030,-0.008,-0.014,-0.039,0.098,0.457,0.064,-0.001,0.063,0.286,2.495,0.969,1485,1604,1779,1564,84.376,-5.161,12.272,1,81,0,0.271,0.084,0.030,0.386,0.542,0.071,0.010
69.604702000,17.468220000,17.709839,43,86.580086,3584,-0.0007,-0.257,2.424,0.958,-0.031,-0.010,-0.016,-0.039,0.099,0.458,0.053,0.022,0.089,0.286,2.495,0.969,1485,1604,1780,1564,84.918,-5.089,12.286,1,81,0,0.271,0.085,0.031,0.387,0.543,0.072,0.011
69.614971000,17.478489000,17.719849,43,109.998901,3585,0.0003,-0.257,2.424,0.958,-0.031,-0.011,-0.019,-0.039,0.099,0.460,0.049,0.028,0.102,0.286,2.495,0.969,1484,1604,1781,1565,85.461,-5.017,12.299,1,81,0,0.271,0.085,0.031,0.388,0.543,0.072,0.011
69.629447000,17.492965000,17.729858,43,97.456390,3586,0.0045,-0.258,2.424,0.958,-0.031,-0.011,-0.023,-0.038,0.100,0.461,0.044,0.026,0.109,0.286,2.495,0.969,1484,1604,1783,1565,86.004,-4.945,12.313,1,81,0,0.272,0.086,0.031,0.389,0.543,0.072,0.011
69.640623000,17.504141000,17.740112,43,69.118057,3587,0.0009,-0.258,2.423,0.957,-0.031,-0.010,-0.025,-0.037,0.101,0.462,0.055,0.052,0.110,0.286,2.495,0.969,1484,1605,1784,1565,86.548,-4.874,12.328,1,81,0,0.272,0.087,0.031,0.390,0.544,0.072,0.012
69.649175000,17.512693000,17.750000,43,89.525513,3588,-0.0013,-0.258,2.423,0.957,-0.033,-0.009,-0.027,-0.037,0.103,0.464,0.040,0.079,0.121,0.286,2.495,0.969,1485,1606,1785,1565,87.092,-4.802,12.343,1,81,0,0.272,0.087,0.033,0.392,0.544,0.072,0.012
69.660184000,17.523702000,17.760132,43,117.013809,3589,0.0009,-0.259,2.423,0.957,-0.034,-0.009,-0.029,-0.038,0.105,0.464,0.024,0.114,0.104,0.286,2.495,0.969,1485,1606,1786,1565,87.636,-4.729,12.358,1,81,0,0.272,0.088,0.034,0.393,0.544,0.072,0.012
69.671013000,17.534531000,17.770020,43,90.884308,3590,0.0009,-0.259,2.423,0.956,-0.034,-0.010,-0.033,-0.037,0.106,0.464,0.041,0.111,0.075,0.286,2.495,0.969,1485,1606,1788,1565,88.181,-4.657,12.374,1,81,0,0.272,0.088,0.034,0.394,0.545,0.072,0.013
69.673961000,17.537479000,17.778564,43,92.395821,3591,-0.0056,-0.259,2.423,0.956,-0.034,-0.012,-0.039,-0.034,0.106,0.465,0.098,0.098,0.066,0.286,2.495,0.969,1484,1607,1791,1565,88.726,-4.585,12.391,1,81,0,0.272,0.089,0.034,0.396,0.545,0.072,0.013
69.688485000,17.552003000,17.790039,43,339.904816,3592,0.0030,-0.260,2.423,0.956,-0.030,-0.017,-0.034,-0.024,0.105,0.462,0.300,0.046,-0.014,0.286,2.495,0.969,1483,1605,1789,1565,89.271,-4.512,12.407,1,81,0,0.273,0.089,0.030,0.392,0.545,0.073,0.013
69.701752000,17.565270000,17.800293,43,68.894249,3593,0.0030,-0.260,2.423,0.955,-0.030,-0.016,-0.034,-0.021,0.106,0.462,0.301,0.053,0.002,0.286,2.495,0.969,1483,1605,1790,1565,89.816,-4.439,12.425,1,81,0,0.273,0.090,0.030,0.393,0.545,0.073,0.014
69.705332000,17.568850000,17.810059,43,75.426155,3594,-0.0062,-0.260,2.422,0.955,-0.032,-0.014,-0.037,-0.018,0.107,0.463,0.306,0.065,0.027,0.286,2.495,0.969,1484,1606,1791,1565,90.362,-4.366,12.442,1,81,0,0.273,0.090,0.032,0.396,0.546,0.073,0.014
69.714577000,17.578095000,17.820312,43,279.720276,3595,-0.0010,-0.261,2.422,0.954,-0.033,-0.012,-0.041,-0.015,0.108,0.464,0.295,0.067,0.045,0.286,2.495,0.969,1484,1607,1793,1565,90.908,-4.293,12.461,1,81,0,0.273,0.091,0.033,0.397,0.546,0.073,0.015
69.732462000,17.595980000,17.830322,43,108.271980,3596,0.0079,-0.261,2.422,0.954,-0.032,-0.011,-0.045,-0.013,0.108,0.465,0.284,0.051,0.045,0.286,2.495,0.969,1484,1607,1795,1565,91.455,-4.220,12.480,1,81,0,0.273,0.091,0.032,0.397,0.546,0.073,0.015
69.745752000,17.609270000,17.840088,43,55.937798,3597,0.0035,-0.261,2.422,0.953,-0.032,-0.010,-0.048,-0.011,0.108,0.466,0.256,0.061,0.064,0.286,2.495,0.969,1484,1607,1797,1565,92.001,-4.147,12.500,1,81,0,0.273,0.092,0.032,0.398,0.547,0.073,0.016
69.746172000,17.609690000,17.849976,43,75.284195,3598,-0.0095,-0.261,2.422,0.953,-0.030,-0.010,-0.049,-0.008,0.109,0.466,0.258,0.064,0.044,0.286,2.495,0.969,1484,1606,1798,1565,92.548,-4.074,12.521,1,81,0,0.274,0.093,0.030,0.397,0.547,0.073,0.016
69.754699000,17.618217000,17.860229,43,2409.638672,3599,-0.0017,-0.262,2.422,0.952,-0.029,-0.010,-0.049,-0.005,0.110,0.465,0.269,0.073,0.026,0.286,2.495,0.969,1484,1606,1799,1565,93.096,-4.000,12.542,1,81,0,0.274,0.093,0.029,0.396,0.547,0.073,0.017
69.764608000,17.628126000,17.870117,43,117.315811,3600,0.0000,-0.262,2.422,0.952,-0.029,-0.008,-0.049,-0.004,0.112,0.466,0.244,0.088,0.028,0.286,2.495,0.969,1485,1606,1799,1565,93.643,-3.927,12.563,1,81,0,0.274,0.094,0.029,0.396,0.548,0.073,0.017
69.775899000,17.639417000,17.880005,43,101.010101,3601,0.0014,-0.262,2.422,0.951,-0.029,-0.007,-0.050,-0.003,0.113,0.467,0.199,0.102,0.045,0.286,2.495,0.969,1485,1606,1800,1566,94.191,-3.854,12.586,1,81,0,0.274,0.094,0.029,0.397,0.548,0.073,0.018
69.784610000,17.648128000,17.890259,43,88.628914,3602,-0.0015,-0.262,2.422,0.951,-0.027,-0.007,-0.050,-0.004,0.114,0.467,0.134,0.095,0.039,0.286,2.495,0.969,1485,1605,1801,1566,94.739,-3.780,12.609,1,81,0,0.274,0.095,0.027,0.396,0.548,0.073,0.018
69.794583000,17.658101000,17.900024,43,114.876511,3603,0.0002,-0.263,2.422,0.950,-0.027,-0.006,-0.051,-0.003,0.115,0.467,0.104,0.091,0.027,0.286,2.495,0.969,1485,1605,1802,1566,95.288,-3.707,12.633,1,81,0,0.274,0.095,0.027,0.396,0.548,0.074,0.019
69.806535000,17.670053000,17.908447,43,100.351227,3604,0.0035,-0.263,2.422,0.950,-0.027,-0.004,-0.053,-0.002,0.115,0.467,0.125,0.087,0.013,0.286,2.495,0.969,1485,1605,1803,1566,95.836,-3.633,12.657,1,81,0,0.274,0.096,0.027,0.397,0.549,0.074,0.019
69.816846000,17.680364000,17.920044,43,83.731056,3605,-0.0013,-0.263,2.422,0.949,-0.021,-0.003,-0.051,0.001,0.118,0.465,0.147,0.127,-0.031,0.286,2.495,0.969,1486,1603,1803,1565,96.385,-3.560,12.682,1,81,0,0.274,0.096,0.021,0.392,0.549,0.073,0.020
69.828560000,17.692078000,17.929932,43,97.030853,3606,0.0018,-0.263,2.422,0.949,-0.017,-0.001,-0.051,0.002,0.120,0.464,0.151,0.148,-0.053,0.286,2.495,0.969,1486,1601,1804,1565,96.933,-3.486,12.708,1,81,0,0.274,0.097,0.017,0.389,0.549,0.073,0.021
69.841314000,17.704832000,17.940063,43,85.426277,3607,0.0026,-0.263,2.422,0.948,-0.016,-0.001,-0.048,0.003,0.120,0.464,0.125,0.116,-0.019,0.286,2.495,0.969,1486,1601,1803,1565,97.482,-3.413,12.734,1,81,0,0.274,0.097,0.016,0.388,0.549,0.073,0.021
69.863149000,17.726667000,17.948975,43,78.443680,3608,0.0129,-0.263,2.422,0.948,-0.015,-0.000,-0.047,0.003,0.121,0.465,0.097,0.104,0.006,0.286,2.495,0.969,1486,1600,1803,1565,98.031,-3.339,12.760,1,81,0,0.274,0.098,0.015,0.387,0.549,0.073,0.021
69.872239000,17.735757000,17.960083,43,45.816917,3609,-0.0020,-0.263,2.422,0.947,-0.011,0.001,-0.046,0.004,0.122,0.465,0.101,0.103,-0.005,0.286,2.495,0.969,1486,1598,1803,1565,98.580,-3.266,12.788,1,81,0,0.274,0.099,0.011,0.384,0.549,0.073,0.022
69.872595000,17.736113000,17.970093,43,110.071548,3610,-0.0097,-0.263,2.422,0.947,-0.009,0.003,-0.045,0.005,0.124,0.465,0.093,0.126,0.008,0.286,2.495,0.969,1487,1597,1804,1565,99.129,-3.193,12.815,1,81,0,0.274,0.099,0.009,0.382,0.549,0.073,0.022
69.876181000,17.739699000,17.979980,43,2857.142822,3611,-0.0063,-0.263,2.422,0.947,-0.006,0.004,-0.043,0.006,0.125,0.465,0.095,0.129,0.007,0.286,2.495,0.969,1487,1596,1803,1565,99.678,-3.119,12.844,1,81,0,0.274,0.100,0.006,0.380,0.549,0.073,0.023
69.884449000,17.747967000,17.989136,43,279.095734,3612,-0.0009,-0.263,2.422,0.946,-0.003,0.004,-0.040,0.006,0.126,0.465,0.080,0.120,0.008,0.286,2.495,0.969,1487,1594,1803,1565,100.227,-3.046,12.872,1,81,0,0.274,0.100,0.003,0.377,0.549,0.073,0.023
69.894531000,17.758049000,18.000244,43,121.065376,3613,-0.0010,-0.263,2.422,0.946,-0.002,0.004,-0.035,0.005,0.125,0.466,0.042,0.061,0.033,0.286,2.495,0.969,1487,1594,1801,1566,100.775,-2.973,12.901,1,81,0,0.274,0.101,0.002,0.377,0.549,0.073,0.023
69.905903000,17.769421000,18.009888,43,99.275291,3614,0.0017,-0.263,2.422,0.946,0.001,0.005,-0.031,0.004,0.124,0.467,0.009,0.029,0.026,0.286,2.495,0.969,1487,1593,1800,1566,101.324,-2.900,12.930,1,81,0,0.274,0.101,-0.001,0.375,0.549,0.073,0.023
69.917456000,17.780974000,18.020020,43,87.997185,3615,0.0014,-0.263,2.422,0.946,0.004,0.005,-0.028,0.004,0.123,0.467,-0.016,0.000,0.021,0.286,2.495,0.969,1487,1591,1799,1566,101.873,-2.827,12.959,1,81,0,0.274,0.102,-0.004,0.372,0.549,0.073,0.023
69.928478000,17.791996000,18.030029,43,86.617584,3616,0.0010,-0.263,2.422,0.946,0.007,0.005,-0.024,0.002,0.123,0.467,-0.038,-0.012,0.017,0.286,2.495,0.969,1487,1590,1798,1566,102.421,-2.754,12.989,1,81,0,0.274,0.102,-0.007,0.370,0.548,0.073,0.024
69.939272000,17.802790000,18.039307,43,90.777054,3617,0.0015,-0.263,2.423,0.945,0.009,0.005,-0.019,0.000,0.123,0.467,-0.094,0.004,0.019,0.286,2.495,0.969,1487,1589,1797,1566,102.969,-2.681,13.018,1,81,0,0.274,0.103,-0.009,0.368,0.548,0.073,0.024
69.947635000,17.811153000,18.050293,43,92.704178,3618,-0.0026,-0.263,2.423,0.945,0.010,0.005,-0.014,-0.003,0.124,0.467,-0.138,0.015,0.022,0.286,2.495,0.969,1487,1589,1796,1566,103.518,-2.608,13.048,1,81,0,0.274,0.104,-0.010,0.368,0.548,0.073,0.024
69.958266000,17.821784000,18.060059,43,119.645851,3619,0.0009,-0.262,2.423,0.945,0.011,0.004,-0.010,-0.006,0.124,0.467,-0.180,0.011,0.021,0.286,2.495,0.969,1487,1589,1794,1566,104.066,-2.535,13.077,1,81,0,0.274,0.104,-0.011,0.367,0.548,0.073,0.024
69.971532000,17.835050000,18.070068,43,94.135368,3620,0.0032,-0.262,2.423,0.946,0.011,0.004,-0.005,-0.009,0.124,0.468,-0.219,0.007,0.022,0.286,2.495,0.969,1487,1589,1792,1566,104.613,-2.462,13.107,1,81,0,0.274,0.105,-0.011,0.368,0.548,0.073,0.023
69.975387000,17.838905000,18.080078,43,75.426155,3621,-0.0062,-0.262,2.423,0.946,0.011,0.003,0.000,-0.012,0.124,0.468,-0.240,0.013,0.027,0.286,2.495,0.969,1487,1589,1790,1566,105.161,-2.390,13.136,1,81,0,0.274,0.105,-0.011,0.368,0.548,0.073,0.023
69.986186000,17.849704000,18.089844,43,259.740265,3622,0.0010,-0.262,2.423,0.946,0.011,0.003,0.003,-0.015,0.124,0.468,-0.248,0.003,0.030,0.286,2.495,0.969,1487,1589,1789,1566,105.709,-2.317,13.165,1,81,0,0.274,0.106,-0.011,0.369,0.548,0.073,0.023
69.995370000,17.858888000,18.099854,43,92.678406,3623,-0.0008,-0.262,2.423,0.946,0.010,0.002,0.005,-0.017,0.123,0.468,-0.234,-0.022,0.022,0.286,2.495,0.969,1486,1589,1788,1566,106.256,-2.244,13.194,1,81,0,0.274,0.106,-0.010,0.370,0.548,0.073,0.023
70.005424000,17.868942000,18.110107,43,108.991829,3624,-0.0002,-0.262,2.423,0.946,0.009,0.002,0.008,-0.018,0.122,0.468,-0.199,-0.026,0.011,0.286,2.495,0.969,1486,1590,1787,1566,106.804,-2.171,13.222,1,81,0,0.274,0.107,-0.009,0.372,0.548,0.073,0.023
70.014769000,17.878287000,18.119873,43,99.552017,3625,-0.0004,-0.262,2.423,0.946,0.008,0.001,0.010,-0.018,0.122,0.468,-0.163,-0.024,0.004,0.286,2.495,0.969,1486,1591,1786,1566,107.352,-2.098,13.251,1,81,0,0.274,0.107,-0.008,0.373,0.547,0.073,0.023
70.025665000,17.889183000,18.130005,43,107.100784,3626,0.0008,-0.262,2.423,0.947,0.007,0.001,0.013,-0.018,0.122,0.468,-0.122,-0.029,-0.006,0.286,2.495,0.969,1486,1591,1785,1566,107.899,-2.026,13.279,1,81,0,0.274,0.108,-0.007,0.375,0.547,0.073,0.023
70.034163000,17.897681000,18.138672,43,91.827362,3627,-0.0002,-0.262,2.423,0.947,0.005,0.001,0.015,-0.018,0.122,0.468,-0.080,-0.029,-0.001,0.286,2.495,0.969,1486,1592,1784,1566,108.446,-1.953,13.307,1,81,0,0.274,0.108,-0.005,0.377,0.547,0.073,0.022
70.046099000,17.909617000,18.148315,43,117.799507,3628,0.0023,-0.262,2.423,0.947,0.003,0.001,0.016,-0.017,0.121,0.468,-0.042,-0.029,0.001,0.286,2.495,0.969,1486,1593,1783,1566,108.994,-1.880,13.335,1,81,0,0.274,0.109,-0.003,0.379,0.547,0.073,0.022
70.058123000,17.921641000,18.160034,43,83.822296,3629,0.0003,-0.262,2.423,0.947,0.002,0.001,0.016,-0.016,0.120,0.468,-0.007,-0.041,0.010,0.286,2.495,0.969,1486,1594,1783,1566,109.541,-1.807,13.362,1,81,0,0.274,0.110,-0.002,0.381,0.547,0.073,0.022
70.065643000,17.929161000,18.170044,43,83.208519,3630,-0.0025,-0.262,2.423,0.947,0.001,0.001,0.017,-0.015,0.120,0.469,0.012,-0.042,0.017,0.286,2.495,0.969,1486,1595,1782,1566,110.089,-1.734,13.389,1,81,0,0.274,0.110,-0.001,0.382,0.548,0.073,0.022
70.081035000,17.944553000,18.179565,43,133.084915,3631,0.0059,-0.262,2.423,0.948,-0.001,0.000,0.020,-0.015,0.120,0.469,0.017,-0.023,0.015,0.286,2.495,0.969,1486,1596,1781,1566,110.636,-1.662,13.416,1,81,0,0.274,0.111,0.001,0.385,0.548,0.073,0.022
70.087798000,17.951316000,18.189331,43,65.002602,3632,-0.0030,-0.262,2.423,0.948,-0.002,-0.000,0.022,-0.015,0.120,0.469,0.012,-0.023,0.010,0.286,2.495,0.969,1486,1597,1780,1566,111.184,-1.589,13.443,1,81,0,0.274,0.111,0.002,0.387,0.548,0.073,0.021
70.101284000,17.964802000,18.200073,43,147.972778,3633,0.0027,-0.262,2.423,0.948,-0.002,-0.001,0.021,-0.014,0.119,0.468,0.032,-0.046,-0.001,0.286,2.495,0.969,1486,1597,1780,1566,111.732,-1.516,13.469,1,81,0,0.274,0.112,0.002,0.387,0.548,0.073,0.021
70.109519000,17.973037000,18.209961,43,74.183975,3634,-0.0017,-0.262,2.423,0.948,-0.002,-0.001,0.020,-0.013,0.118,0.468,0.053,-0.054,-0.006,0.286,2.495,0.969,1486,1597,1780,1566,112.279,-1.443,13.495,1,81,0,0.274,0.112,0.002,0.388,0.548,0.073,0.021
70.114429000,17.977947000,18.219971,43,121.550987,3635,-0.0051,-0.262,2.423,0.948,-0.001,-0.001,0.021,-0.012,0.118,0.468,0.058,-0.050,-0.017,0.286,2.495,0.969,1486,1597,1780,1566,112.827,-1.370,13.521,1,81,0,0.274,0.113,0.001,0.387,0.548,0.073,0.021
70.124903000,17.988421000,18.229858,43,203.915176,3636,0.0006,-0.262,2.423,0.949,0.001,-0.001,0.020,-0.011,0.117,0.467,0.070,-0.060,-0.024,0.286,2.495,0.969,1486,1596,1780,1566,113.375,-1.297,13.547,1,81,0,0.274,0.113,-0.001,0.386,0.548,0.073,0.020
70.148981000,18.012499000,18.239990,43,95.556618,3637,0.0139,-0.262,2.423,0.949,0.002,-0.001,0.019,-0.011,0.116,0.467,0.069,-0.058,-0.021,0.286,2.495,0.969,1486,1595,1780,1566,113.922,-1.225,13.572,1,81,0,0.274,0.114,-0.002,0.385,0.548,0.073,0.020
70.156843000,18.020361000,18.250000,43,41.545494,3638,-0.0022,-0.262,2.423,0.949,0.003,-0.001,0.019,-0.011,0.116,0.467,0.049,-0.046,-0.019,0.286,2.495,0.969,1486,1595,1780,1566,114.470,-1.152,13.597,1,81,0,0.274,0.114,-0.003,0.385,0.547,0.073,0.020
70.157131000,18.020649000,18.260132,43,127.307449,3639,-0.0098,-0.262,2.423,0.949,0.004,-0.001,0.019,-0.012,0.116,0.467,0.009,-0.049,-0.012,0.286,2.495,0.969,1486,1595,1780,1566,115.017,-1.079,13.622,1,81,0,0.274,0.115,-0.004,0.385,0.547,0.073,0.020
70.164511000,18.028029000,18.270020,43,3546.099365,3640,-0.0025,-0.262,2.423,0.949,0.005,-0.002,0.018,-0.014,0.115,0.467,-0.037,-0.046,0.002,0.286,2.495,0.969,1486,1594,1780,1566,115.564,-1.006,13.647,1,81,0,0.274,0.116,-0.005,0.384,0.547,0.073,0.020
70.174741000,18.038259000,18.279907,43,135.574844,3641,0.0003,-0.262,2.422,0.949,0.006,-0.002,0.018,-0.015,0.115,0.468,-0.066,-0.035,0.007,0.286,2.495,0.969,1486,1594,1780,1566,116.111,-0.933,13.672,1,81,0,0.274,0.116,-0.006,0.384,0.547,0.073,0.020
70.186028000,18.049546000,18.290161,43,97.828217,3642,0.0010,-0.262,2.423,0.950,0.006,-0.001,0.016,-0.017,0.115,0.468,-0.095,-0.033,0.012,0.286,2.495,0.969,1486,1594,1780,1566,116.659,-0.860,13.696,1,81,0,0.274,0.117,-0.006,0.384,0.547,0.073,0.019
70.195483000,18.059001000,18.299927,43,88.660339,3643,-0.0003,-0.261,2.423,0.950,0.007,-0.000,0.014,-0.019,0.115,0.468,-0.114,-0.033,0.014,0.286,2.495,0.969,1486,1594,1781,1566,117.206,-0.787,13.720,1,81,0,0.274,0.117,-0.007,0.384,0.547,0.073,0.019
70.205922000,18.069440000,18.310059,43,105.831306,3644,0.0003,-0.261,2.423,0.950,0.008,0.001,0.012,-0.020,0.115,0.468,-0.115,-0.017,0.013,0.286,2.495,0.969,1486,1593,1781,1566,117.753,-0.714,13.744,1,81,0,0.273,0.118,-0.008,0.384,0.547,0.073,0.019
70.218457000,18.081975000,18.319702,43,95.877274,3645,0.0029,-0.261,2.423,0.950,0.008,0.002,0.011,-0.020,0.115,0.468,-0.101,-0.009,0.010,0.286,2.495,0.969,1486,1593,1782,1566,118.299,-0.641,13.769,1,81,0,0.273,0.118,-0.008,0.383,0.547,0.073,0.019
70.225745000,18.089263000,18.330322,43,79.821198,3646,-0.0033,-0.261,2.423,0.950,0.009,0.003,0.008,-0.020,0.115,0.468,-0.079,-0.009,-0.001,0.286,2.495,0.969,1486,1593,1783,1566,118.846,-0.569,13.793,1,81,0,0.273,0.119,-0.009,0.383,0.547,0.073,0.019
70.234694000,18.098212000,18.338745,43,137.306061,3647,0.0005,-0.261,2.423,0.950,0.010,0.004,0.005,-0.020,0.115,0.467,-0.050,-0.003,-0.022,0.286,2.495,0.969,1487,1593,1784,1566,119.393,-0.496,13.817,1,81,0,0.273,0.119,-0.010,0.383,0.547,0.073,0.019
70.252408000,18.115926000,18.349976,43,111.856827,3648,0.0065,-0.261,2.423,0.950,0.010,0.005,0.004,-0.020,0.115,0.467,-0.038,-0.001,-0.016,0.286,2.495,0.969,1487,1593,1784,1566,119.939,-0.423,13.841,1,81,0,0.273,0.120,-0.010,0.383,0.546,0.073,0.019
70.262172000,18.125690000,18.359985,43,56.478031,3649,-0.0003,-0.261,2.423,0.950,0.011,0.005,0.002,-0.020,0.115,0.467,-0.023,-0.004,-0.022,0.286,2.495,0.969,1487,1592,1785,1565,120.486,-0.351,13.865,1,81,0,0.273,0.120,-0.011,0.383,0.546,0.073,0.019
70.265242000,18.128760000,18.369507,43,102.490517,3650,-0.0065,-0.261,2.423,0.950,0.012,0.006,-0.000,-0.020,0.115,0.466,-0.027,0.007,-0.033,0.286,2.495,0.969,1487,1592,1786,1565,121.032,-0.278,13.889,1,81,0,0.273,0.121,-0.012,0.382,0.546,0.073,0.019
70.274695000,18.138213000,18.380005,43,326.370758,3651,-0.0011,-0.261,2.423,0.950,0.011,0.006,-0.002,-0.020,0.115,0.466,-0.018,0.007,-0.038,0.286,2.495,0.969,1487,1592,1786,1565,121.578,-0.206,13.914,1,81,0,0.273,0.122,-0.011,0.383,0.546,0.072,0.019
70.285805000,18.149323000,18.390015,43,105.876122,3652,0.0011,-0.260,2.423,0.949,0.012,0.007,-0.003,-0.020,0.116,0.465,-0.017,0.013,-0.036,0.286,2.495,0.969,1487,1592,1787,1565,122.124,-0.133,13.938,1,81,0,0.273,0.122,-0.012,0.383,0.546,0.072,0.020
70.294694000,18.158212000,18.397461,43,90.073860,3653,0.0014,-0.260,2.423,0.949,0.012,0.009,-0.005,-0.022,0.116,0.465,-0.051,0.023,-0.028,0.286,2.495,0.969,1488,1592,1787,1565,122.670,-0.061,13.963,1,81,0,0.273,0.123,-0.012,0.383,0.546,0.072,0.020
70.303613000,18.167131000,18.408813,43,112.612610,3654,-0.0024,-0.260,2.423,0.949,0.011,0.009,-0.005,-0.023,0.117,0.466,-0.063,0.025,-0.014,0.286,2.495,0.969,1488,1593,1787,1565,123.216,0.011,13.987,1,81,0,0.273,0.123,-0.011,0.385,0.546,0.072,0.020
70.314088000,18.177606000,18.418457,43,112.183083,3655,0.0008,-0.260,2.423,0.949,0.011,0.010,-0.004,-0.024,0.117,0.466,-0.080,0.033,-0.011,0.286,2.495,0.969,1488,1593,1788,1565,123.761,0.083,14.012,1,81,0,0.273,0.124,-0.011,0.386,0.546,0.072,0.020
70.326276000,18.189794000,18.430054,43,95.538361,3656,0.0006,-0.260,2.424,0.949,0.010,0.010,-0.005,-0.025,0.117,0.465,-0.086,0.022,-0.011,0.286,2.495,0.969,1488,1594,1789,1565,124.307,0.155,14.037,1,81,0,0.273,0.124,-0.010,0.387,0.546,0.072,0.020
70.336776000,18.200294000,18.439941,43,82.108551,3657,0.0006,-0.260,2.424,0.949,0.009,0.010,-0.005,-0.027,0.117,0.465,-0.106,0.021,-0.013,0.286,2.495,0.969,1488,1594,1789,1565,124.853,0.227,14.062,1,81,0,0.273,0.125,-0.009,0.389,0.546,0.072,0.020
70.364544000,18.228062000,18.450073,43,95.310715,3658,0.0176,-0.260,2.424,0.949,0.008,0.010,-0.004,-0.028,0.117,0.465,-0.100,0.023,-0.011,0.286,2.495,0.969,1488,1595,1789,1565,125.398,0.298,14.087,1,81,0,0.273,0.125,-0.008,0.390,0.546,0.072,0.020
70.377875000,18.241393000,18.459717,43,36.021759,3659,0.0037,-0.260,2.424,0.949,0.008,0.010,-0.004,-0.028,0.118,0.465,-0.089,0.029,-0.012,0.286,2.495,0.969,1488,1595,1789,1565,125.944,0.370,14.111,1,81,0,0.273,0.126,-0.008,0.391,0.545,0.072,0.020
70.378232000,18.241750000,18.469971,43,75.058167,3660,-0.0099,-0.260,2.424,0.949,0.007,0.010,-0.005,-0.028,0.118,0.465,-0.060,0.017,-0.021,0.286,2.495,0.969,1488,1596,1789,1565,126.489,0.441,14.136,1,81,0,0.273,0.126,-0.007,0.392,0.545,0.071,0.020
70.378590000,18.242108000,18.480103,43,2849.002930,3661,-0.0098,-0.260,2.424,0.949,0.007,0.010,-0.006,-0.026,0.117,0.464,-0.004,0.005,-0.029,0.286,2.495,0.969,1488,1596,1789,1565,127.034,0.513,14.162,1,81,0,0.273,0.127,-0.007,0.393,0.545,0.071,0.020
70.384895000,18.248413000,18.489746,43,2824.858643,3662,-0.0033,-0.260,2.424,0.949,0.007,0.011,-0.006,-0.025,0.118,0.464,0.039,0.007,-0.026,0.286,2.495,0.969,1488,1596,1789,1565,127.580,0.584,14.187,1,81,0,0.273,0.128,-0.007,0.394,0.545,0.071,0.020
70.400407000,18.263925000,18.498657,43,158.704971,3663,0.0066,-0.260,2.424,0.949,0.006,0.012,-0.006,-0.024,0.118,0.464,0.053,0.007,-0.016,0.286,2.495,0.969,1488,1597,1790,1565,128.125,0.655,14.212,1,81,0,0.273,0.128,-0.006,0.395,0.545,0.071,0.020
70.412400000,18.275918000,18.507690,43,64.503647,3664,0.0030,-0.260,2.424,0.949,0.005,0.012,-0.005,-0.023,0.118,0.464,0.056,0.018,-0.012,0.286,2.495,0.969,1488,1597,1789,1565,128.670,0.726,14.237,1,81,0,0.273,0.129,-0.005,0.396,0.545,0.071,0.020
70.416388000,18.279906000,18.520142,43,83.430672,3665,-0.0085,-0.260,2.425,0.949,0.004,0.011,-0.003,-0.023,0.118,0.464,0.047,0.021,-0.012,0.286,2.495,0.969,1488,1598,1789,1565,129.215,0.797,14.262,1,81,0,0.273,0.129,-0.004,0.397,0.545,0.071,0.020
70.424540000,18.288058000,18.530029,43,251.130081,3666,-0.0017,-0.260,2.425,0.949,0.004,0.011,-0.003,-0.023,0.118,0.464,0.043,0.007,-0.004,0.286,2.495,0.969,1488,1598,1788,1565,129.760,0.868,14.288,1,81,0,0.273,0.130,-0.004,0.398,0.545,0.071,0.020
70.434454000,18.297972000,18.539551,43,122.774712,3667,0.0004,-0.259,2.425,0.949,0.005,0.010,-0.003,-0.023,0.117,0.464,0.033,-0.017,-0.002,0.286,2.495,0.969,1488,1598,1788,1565,130.305,0.938,14.313,1,81,0,0.273,0.130,-0.005,0.398,0.545,0.071,0.020
70.459140000,18.322658000,18.539551,0,100.959114,0,0,-0.259,2.425,0.949,0.005,0.010,-0.003,-0.023,0.117,0.464,0.033,-0.017,-0.002,0.000,0.000,0.000,1488,1598,1788,1565,0.000,0.000,0.000,0,81,2,0.273,0.130,-0.005,0.398,0.545,0.071,0.020
70.487190000,18.350708000,18.549927,43,100.959114,3668,0.0424,-0.259,2.425,0.949,0.004,0.008,-0.000,-0.022,0.117,0.464,0.030,-0.012,-0.007,0.286,2.495,0.969,1488,1598,1788,1565,130.850,1.009,14.338,1,81,0,0.273,0.131,-0.004,0.399,0.545,0.071,0.020
70.499955000,18.363473000,18.560303,43,18.965256,3669,0.0024,-0.259,2.425,0.949,0.005,0.008,0.000,-0.023,0.117,0.463,0.017,-0.008,-0.016,0.286,2.495,0.969,1488,1598,1787,1565,131.395,1.080,14.363,1,81,0,0.272,0.131,-0.005,0.399,0.545,0.071,0.020
70.509696000,18.373214000,18.570435,43,78.388336,3670,-0.0004,-0.259,2.425,0.949,0.005,0.007,0.000,-0.022,0.117,0.463,0.018,-0.013,-0.018,0.286,2.495,0.969,1487,1598,1787,1565,131.940,1.150,14.388,1,81,0,0.272,0.132,-0.005,0.399,0.545,0.071,0.020
70.518155000,18.381673000,18.580078,43,102.711586,3671,-0.0012,-0.259,2.425,0.949,0.006,0.007,0.002,-0.022,0.117,0.463,0.026,-0.012,-0.019,0.286,2.495,0.969,1487,1598,1787,1565,132.485,1.221,14.414,1,81,0,0.272,0.132,-0.006,0.399,0.545,0.070,0.020
70.518589000,18.382107000,18.590088,43,118.301193,3672,-0.0096,-0.259,2.425,0.949,0.005,0.007,0.003,-0.022,0.117,0.463,0.016,-0.005,-0.014,0.286,2.495,0.969,1487,1598,1786,1565,133.030,1.291,14.439,1,81,0,0.272,0.133,-0.005,0.400,0.545,0.070,0.020
70.518808000,18.382326000,18.599976,43,2336.448486,3673,-0.0097,-0.259,2.425,0.949,0.005,0.007,0.003,-0.022,0.117,0.463,0.009,-0.012,-0.012,0.286,2.495,0.969,1487,1599,1786,1565,133.575,1.361,14.463,1,81,0,0.272,0.134,-0.005,0.401,0.545,0.070,0.020
70.519017000,18.382535000,18.609985,43,4651.162598,3674,-0.0098,-0.259,2.425,0.949,0.005,0.007,0.003,-0.022,0.117,0.463,0.002,-0.012,-0.009,0.286,2.495,0.969,1487,1598,1786,1565,134.119,1.432,14.488,1,81,0,0.272,0.134,-0.005,0.401,0.545,0.070,0.020
70.519223000,18.382741000,18.620117,43,4878.048828,3675,-0.0099,-0.259,2.425,0.949,0.005,0.007,0.003,-0.022,0.117,0.463,0.010,-0.010,-0.008,0.286,2.495,0.969,1488,1599,1786,1565,134.664,1.502,14.513,1,81,0,0.272,0.135,-0.005,0.402,0.545,0.070,0.020
70.526717000,18.390235000,18.629761,43,4926.108398,3676,-0.0022,-0.259,2.425,0.949,0.006,0.009,0.004,-0.022,0.116,0.463,0.014,-0.013,-0.014,0.286,2.495,0.969,1488,1598,1786,1565,135.209,1.572,14.538,1,81,0,0.272,0.135,-0.006,0.402,0.545,0.070,0.020
70.534826000,18.398344000,18.639893,43,133.493530,3677,-0.0020,-0.259,2.425,0.949,0.007,0.008,0.004,-0.021,0.116,0.462,0.031,-0.020,-0.027,0.286,2.495,0.969,1488,1598,1786,1565,135.753,1.642,14.563,1,81,0,0.272,0.136,-0.007,0.401,0.544,0.070,0.020
70.558961000,18.422479000,18.650024,43,123.426315,3678,0.0140,-0.259,2.426,0.949,0.008,0.008,0.005,-0.020,0.116,0.461,0.033,-0.020,-0.036,0.286,2.495,0.969,1488,1597,1785,1565,136.298,1.712,14.587,1,81,0,0.272,0.136,-0.008,0.400,0.544,0.070,0.020
70.579814000,18.443332000,18.660034,43,41.447342,3679,0.0108,-0.259,2.426,0.949,0.009,0.008,0.006,-0.020,0.116,0.461,0.025,-0.020,-0.041,0.286,2.495,0.969,1488,1597,1785,1565,136.842,1.782,14.612,1,81,0,0.272,0.137,-0.009,0.400,0.544,0.070,0.020
70.580236000,18.443754000,18.670044,43,47.973137,3680,-0.0096,-0.259,2.426,0.949,0.010,0.008,0.005,-0.020,0.115,0.460,0.024,-0.031,-0.040,0.286,2.495,0.969,1488,1597,1785,1565,137.386,1.851,14.636,1,81,0,0.272,0.137,-0.010,0.400,0.544,0.070,0.020
70.580458000,18.443976000,18.679932,43,2403.846191,3681,-0.0097,-0.258,2.426,0.950,0.010,0.007,0.005,-0.021,0.115,0.460,0.008,-0.033,-0.030,0.286,2.495,0.969,1488,1597,1785,1565,137.930,1.921,14.661,1,81,0,0.272,0.138,-0.010,0.400,0.544,0.070,0.020
70.584393000,18.447911000,18.690063,43,4566.209961,3682,-0.0062,-0.258,2.426,0.950,0.010,0.008,0.006,-0.022,0.115,0.460,-0.015,-0.024,-0.026,0.286,2.495,0.969,1488,1597,1784,1565,138.474,1.991,14.685,1,81,0,0.272,0.138,-0.010,0.400,0.544,0.070,0.019
70.594871000,18.458389000,18.700073,43,254.323502,3683,0.0005,-0.258,2.426,0.950,0.010,0.007,0.006,-0.023,0.115,0.460,-0.039,-0.005,-0.020,0.286,2.495,0.969,1488,1597,1784,1565,139.018,2.060,14.709,1,81,0,0.272,0.139,-0.010,0.400,0.544,0.070,0.019
70.605918000,18.469436000,18.709839,43,95.510986,3684,0.0012,-0.258,2.426,0.950,0.011,0.007,0.006,-0.023,0.115,0.460,-0.047,-0.005,-0.021,0.286,2.495,0.969,1488,1597,1784,1565,139.561,2.130,14.734,1,81,0,0.272,0.140,-0.011,0.400,0.544,0.069,0.019
70.618071000,18.481589000,18.719849,43,90.851280,3685,0.0021,-0.258,2.426,0.950,0.011,0.008,0.005,-0.024,0.115,0.460,-0.040,-0.006,-0.013,0.286,2.495,0.969,1488,1597,1785,1565,140.105,2.199,14.758,1,81,0,0.272,0.140,-0.011,0.401,0.544,0.069,0.019
70.627700000,18.491218000,18.729980,43,82.331635,3686,-0.0005,-0.258,2.426,0.950,0.011,0.007,0.005,-0.024,0.115,0.459,-0.031,0.000,-0.023,0.286,2.495,0.969,1488,1597,1784,1564,140.648,2.268,14.782,1,81,0,0.272,0.141,-0.011,0.401,0.543,0.069,0.019
70.635286000,18.498804000,18.739624,43,103.928497,3687,-0.0021,-0.258,2.426,0.950,0.012,0.007,0.005,-0.024,0.115,0.459,-0.035,-0.000,-0.028,0.286,2.495,0.969,1488,1597,1785,1564,141.192,2.338,14.806,1,81,0,0.272,0.141,-0.012,0.401,0.543,0.069,0.019
70.644490000,18.508008000,18.750122,43,131.926117,3688,-0.0013,-0.258,2.426,0.950,0.013,0.006,0.004,-0.024,0.115,0.459,-0.027,-0.000,-0.032,0.286,2.495,0.969,1487,1596,1785,1564,141.735,2.407,14.830,1,81,0,0.272,0.142,-0.013,0.400,0.543,0.069,0.019
70.664687000,18.528205000,18.760010,43,108.742935,3689,0.0103,-0.257,2.426,0.950,0.013,0.006,0.004,-0.024,0.115,0.458,-0.016,-0.000,-0.036,0.286,2.495,0.969,1487,1596,1785,1564,142.278,2.476,14.854,1,81,0,0.271,0.142,-0.013,0.400,0.543,0.069,0.019
70.665050000,18.528568000,18.769409,43,49.531925,3690,-0.0090,-0.257,2.426,0.950,0.015,0.005,0.004,-0.024,0.115,0.458,-0.005,-0.015,-0.042,0.286,2.495,0.969,1487,1596,1785,1564,142.820,2.545,14.878,1,81,0,0.271,0.143,-0.015,0.399,0.543,0.069,0.019
70.675843000,18.539361000,18.780029,43,2816.901367,3691,0.0002,-0.257,2.426,0.950,0.015,0.005,0.003,-0.024,0.114,0.457,-0.012,-0.021,-0.044,0.286,2.495,0.969,1487,1595,1785,1564,143.363,2.614,14.902,1,81,0,0.271,0.143,-0.015,0.399,0.543,0.069,0.019
70.686422000,18.549940000,18.789795,43,92.686996,3692,0.0008,-0.257,2.426,0.950,0.016,0.003,0.004,-0.024,0.114,0.456,-0.023,-0.011,-0.049,0.286,2.495,0.969,1487,1595,1785,1564,143.906,2.684,14.925,1,81,0,0.271,0.144,-0.016,0.399,0.542,0.069,0.019
70.696513000,18.560031000,18.799927,43,94.598427,3693,-0.0000,-0.257,2.426,0.950,0.016,0.003,0.004,-0.026,0.114,0.456,-0.043,-0.008,-0.039,0.286,2.495,0.969,1487,1596,1785,1564,144.448,2.753,14.949,1,81,0,0.271,0.144,-0.016,0.400,0.542,0.069,0.019
70.710168000,18.573686000,18.809570,43,99.147331,3694,0.0040,-0.257,2.426,0.950,0.015,0.003,0.003,-0.026,0.114,0.456,-0.050,-0.010,-0.031,0.286,2.495,0.969,1487,1596,1785,1564,144.990,2.822,14.973,1,81,0,0.271,0.145,-0.015,0.401,0.542,0.069,0.019
70.718283000,18.581801000,18.819946,43,73.281548,3695,-0.0023,-0.256,2.426,0.950,0.015,0.002,0.002,-0.027,0.114,0.456,-0.065,-0.002,-0.030,0.286,2.495,0.969,1487,1596,1785,1564,145.532,2.891,14.997,1,81,0,0.271,0.146,-0.015,0.402,0.542,0.069,0.019
70.724799000,18.588317000,18.830444,43,123.304565,3696,-0.0040,-0.256,2.426,0.950,0.015,0.001,0.001,-0.028,0.115,0.456,-0.064,0.005,-0.022,0.286,2.495,0.969,1486,1596,1787,1564,146.074,2.960,15.021,1,81,0,0.271,0.146,-0.015,0.402,0.542,0.069,0.019
70.735540000,18.599058000,18.838745,43,153.609833,3697,0.0024,-0.256,2.426,0.950,0.015,0.001,0.001,-0.029,0.115,0.456,-0.079,0.009,-0.019,0.286,2.495,0.969,1486,1596,1787,1564,146.616,3.029,15.044,1,81,0,0.271,0.147,-0.015,0.402,0.542,0.069,0.019
70.747633000,18.611151000,18.850098,43,93.179276,3698,0.0007,-0.256,2.426,0.950,0.014,0.001,0.001,-0.030,0.115,0.456,-0.074,0.012,-0.023,0.286,2.495,0.969,1486,1597,1787,1564,147.157,3.098,15.068,1,81,0,0.271,0.147,-0.014,0.404,0.542,0.069,0.019
70.762879000,18.626397000,18.859985,43,82.754051,3699,0.0054,-0.256,2.426,0.950,0.013,0.001,-0.000,-0.030,0.115,0.455,-0.074,0.015,-0.032,0.286,2.495,0.969,1486,1597,1787,1564,147.699,3.167,15.092,1,81,0,0.271,0.148,-0.013,0.405,0.542,0.069,0.019
70.772237000,18.635755000,18.870361,43,65.625412,3700,-0.0010,-0.256,2.426,0.950,0.013,0.002,-0.002,-0.031,0.115,0.454,-0.065,0.013,-0.037,0.286,2.495,0.969,1486,1598,1788,1564,148.240,3.236,15.116,1,81,0,0.271,0.148,-0.013,0.406,0.541,0.069,0.019
70.775649000,18.639167000,18.879761,43,106.963310,3701,-0.0060,-0.256,2.426,0.950,0.013,0.002,-0.004,-0.031,0.115,0.454,-0.043,0.007,-0.038,0.286,2.495,0.969,1487,1598,1789,1564,148.781,3.305,15.140,1,81,0,0.271,0.149,-0.013,0.407,0.541,0.069,0.019
70.785742000,18.649260000,18.890015,43,293.513367,3702,-0.0002,-0.256,2.426,0.950,0.012,0.002,-0.004,-0.030,0.116,0.454,-0.024,0.010,-0.031,0.286,2.495,0.969,1487,1599,1789,1564,149.323,3.374,15.164,1,81,0,0.271,0.149,-0.012,0.408,0.541,0.069,0.019
70.793526000,18.657044000,18.897827,43,99.167000,3703,-0.0000,-0.255,2.427,0.950,0.012,0.004,-0.006,-0.030,0.116,0.453,-0.015,0.029,-0.038,0.286,2.495,0.969,1487,1599,1789,1564,149.864,3.443,15.188,1,81,0,0.271,0.150,-0.012,0.409,0.541,0.069,0.019
70.806194000,18.669712000,18.910034,43,128.600830,3704,0.0005,-0.255,2.427,0.950,0.011,0.005,-0.007,-0.029,0.116,0.453,0.016,0.013,-0.029,0.286,2.495,0.969,1487,1599,1790,1564,150.405,3.512,15.213,1,81,0,0.270,0.150,-0.011,0.410,0.541,0.069,0.019
70.815570000,18.679088000,18.920044,43,78.970230,3705,-0.0006,-0.255,2.427,0.949,0.011,0.006,-0.008,-0.029,0.116,0.453,0.020,0.017,-0.031,0.286,2.495,0.969,1487,1599,1791,1564,150.946,3.581,15.237,1,81,0,0.270,0.151,-0.011,0.411,0.541,0.069,0.020
70.824419000,18.687937000,18.930054,43,106.757767,3706,-0.0012,-0.255,2.427,0.949,0.010,0.007,-0.009,-0.028,0.117,0.453,0.029,0.025,-0.031,0.286,2.495,0.969,1487,1600,1791,1563,151.486,3.649,15.262,1,81,0,0.270,0.151,-0.010,0.412,0.541,0.069,0.020
70.834577000,18.698095000,18.940063,43,113.083794,3707,0.0001,-0.255,2.427,0.949,0.010,0.007,-0.010,-0.027,0.117,0.452,0.043,0.032,-0.032,0.286,2.495,0.969,1488,1600,1792,1563,152.027,3.718,15.287,1,81,0,0.270,0.152,-0.010,0.413,0.541,0.069,0.020
70.844843000,18.708361000,18.950439,43,98.512459,3708,-0.0001,-0.255,2.427,0.949,0.010,0.008,-0.011,-0.027,0.118,0.452,0.034,0.039,-0.037,0.286,2.495,0.969,1488,1600,1792,1563,152.568,3.786,15.312,1,81,0,0.270,0.153,-0.010,0.413,0.541,0.068,0.020
70.867655000,18.731173000,18.959961,43,97.484886,3709,0.0133,-0.255,2.427,0.949,0.010,0.009,-0.012,-0.027,0.118,0.452,0.033,0.045,-0.032,0.286,2.495,0.969,1488,1601,1793,1563,153.108,3.855,15.337,1,81,0,0.270,0.153,-0.010,0.414,0.541,0.068,0.020
70.881555000,18.745073000,18.970093,43,43.851955,3710,0.0038,-0.255,2.427,0.949,0.010,0.010,-0.013,-0.027,0.119,0.452,0.011,0.051,-0.021,0.286,2.495,0.969,1488,1601,1793,1563,153.649,3.923,15.362,1,81,0,0.270,0.154,-0.010,0.414,0.540,0.068,0.020
70.881912000,18.745430000,18.979980,43,71.978691,3711,-0.0095,-0.255,2.427,0.949,0.009,0.010,-0.013,-0.028,0.119,0.452,0.000,0.042,-0.014,0.286,2.495,0.969,1488,1601,1793,1563,154.189,3.991,15.388,1,81,0,0.270,0.154,-0.009,0.415,0.540,0.068,0.020
70.888489000,18.752007000,18.989746,43,2849.002930,3712,-0.0032,-0.255,2.427,0.949,0.008,0.011,-0.013,-0.029,0.120,0.452,-0.044,0.051,-0.010,0.286,2.495,0.969,1488,1602,1793,1563,154.729,4.059,15.413,1,81,0,0.270,0.155,-0.008,0.417,0.540,0.068,0.021
70.894676000,18.758194000,19.000122,43,152.114395,3713,-0.0042,-0.255,2.428,0.948,0.009,0.011,-0.013,-0.031,0.121,0.452,-0.066,0.053,-0.010,0.286,2.495,0.969,1488,1601,1793,1563,155.269,4.127,15.439,1,81,0,0.270,0.155,-0.009,0.417,0.540,0.068,0.021
70.909393000,18.772911000,19.010010,43,161.864685,3714,0.0048,-0.254,2.428,0.948,0.009,0.011,-0.013,-0.031,0.120,0.452,-0.050,0.029,-0.005,0.286,2.495,0.969,1488,1601,1794,1563,155.810,4.195,15.465,1,81,0,0.270,0.156,-0.009,0.416,0.540,0.068,0.021
70.915658000,18.779176000,19.020020,43,67.985588,3715,-0.0038,-0.254,2.428,0.948,0.010,0.011,-0.013,-0.031,0.120,0.452,-0.046,0.015,0.004,0.286,2.495,0.969,1488,1601,1794,1563,156.350,4.262,15.492,1,81,0,0.270,0.156,-0.010,0.416,0.540,0.068,0.021
70.924717000,18.788235000,19.030029,43,159.795456,3716,-0.0010,-0.254,2.428,0.948,0.010,0.011,-0.013,-0.031,0.120,0.452,-0.031,0.016,-0.000,0.286,2.495,0.969,1488,1601,1794,1563,156.889,4.330,15.518,1,81,0,0.270,0.157,-0.010,0.417,0.540,0.068,0.021
70.937081000,18.800599000,19.038818,43,110.497238,3717,0.0036,-0.254,2.428,0.948,0.011,0.010,-0.014,-0.031,0.120,0.452,-0.010,0.011,-0.007,0.286,2.495,0.969,1488,1601,1794,1563,157.429,4.397,15.545,1,81,0,0.270,0.157,-0.011,0.416,0.540,0.067,0.021
70.946541000,18.810059000,19.049927,43,80.925789,3718,-0.0017,-0.254,2.428,0.948,0.010,0.010,-0.013,-0.031,0.120,0.452,-0.010,0.015,-0.006,0.286,2.495,0.969,1488,1601,1794,1563,157.969,4.464,15.571,1,81,0,0.270,0.158,-0.010,0.418,0.540,0.067,0.021
70.967451000,18.830969000,19.059692,43,105.775330,3719,0.0111,-0.254,2.428,0.948,0.010,0.010,-0.013,-0.031,0.121,0.452,-0.006,0.023,-0.011,0.286,2.495,0.969,1488,1602,1794,1563,158.508,4.532,15.598,1,81,0,0.270,0.159,-0.010,0.419,0.540,0.067,0.021
70.977340000,18.840858000,19.070068,43,47.837734,3720,-0.0005,-0.254,2.428,0.948,0.010,0.009,-0.012,-0.031,0.121,0.451,-0.006,0.027,-0.014,0.286,2.495,0.969,1488,1602,1794,1563,159.048,4.599,15.625,1,81,0,0.270,0.159,-0.010,0.419,0.539,0.067,0.022
70.977697000,18.841215000,19.079224,43,101.204330,3721,-0.0088,-0.254,2.428,0.947,0.010,0.010,-0.013,-0.031,0.121,0.451,-0.007,0.020,-0.008,0.286,2.495,0.969,1488,1602,1795,1563,159.587,4.666,15.652,1,81,0,0.270,0.160,-0.010,0.420,0.539,0.067,0.022
70.989018000,18.852536000,19.089966,43,2849.002930,3722,0.0006,-0.254,2.428,0.947,0.010,0.009,-0.012,-0.030,0.121,0.452,-0.000,0.009,-0.002,0.286,2.495,0.969,1488,1602,1795,1563,160.126,4.733,15.679,1,81,0,0.270,0.160,-0.010,0.420,0.539,0.067,0.022
70.998388000,18.861906000,19.099976,43,88.354836,3723,-0.0006,-0.254,2.429,0.947,0.009,0.009,-0.011,-0.030,0.121,0.451,0.007,0.018,-0.010,0.286,2.495,0.969,1488,1603,1794,1563,160.666,4.800,15.707,1,81,0,0.270,0.161,-0.009,0.422,0.539,0.067,0.022
71.006169000,18.869687000,19.109985,43,106.803375,3724,-0.0022,-0.254,2.429,0.947,0.008,0.009,-0.010,-0.030,0.121,0.451,0.006,0.005,-0.015,0.286,2.495,0.969,1488,1603,1794,1563,161.205,4.867,15.734,1,81,0,0.270,0.161,-0.008,0.423,0.539,0.067,0.022
71.016794000,18.880312000,19.119995,43,128.617371,3725,0.0006,-0.253,2.429,0.947,0.008,0.009,-0.009,-0.029,0.121,0.451,0.024,0.010,-0.017,0.286,2.495,0.969,1488,1603,1794,1563,161.744,4.933,15.762,1,81,0,0.270,0.162,-0.008,0.424,0.539,0.067,0.022
71.029804000,18.893322000,19.129883,43,94.188568,3726,0.0031,-0.253,2.429,0.947,0.008,0.009,-0.008,-0.029,0.122,0.450,0.039,0.017,-0.035,0.286,2.495,0.969,1488,1604,1794,1563,162.283,5.000,15.789,1,81,0,0.270,0.162,-0.008,0.424,0.539,0.067,0.022
71.034017000,18.897535000,19.139648,43,76.911247,3727,-0.0056,-0.253,2.429,0.947,0.008,0.008,-0.007,-0.028,0.122,0.449,0.051,0.016,-0.044,0.286,2.495,0.969,1488,1604,1793,1563,162.822,5.067,15.817,1,81,0,0.269,0.163,-0.008,0.425,0.539,0.067,0.022
71.044352000,18.907870000,19.150024,43,237.699066,3728,-0.0000,-0.253,2.429,0.947,0.008,0.009,-0.008,-0.027,0.121,0.449,0.064,-0.007,-0.033,0.286,2.495,0.969,1488,1604,1794,1563,163.361,5.133,15.845,1,81,0,0.269,0.163,-0.008,0.425,0.539,0.066,0.022
71.054846000,18.918364000,19.159790,43,96.833542,3729,0.0007,-0.253,2.429,0.947,0.008,0.010,-0.007,-0.025,0.121,0.449,0.078,-0.004,-0.040,0.286,2.495,0.969,1488,1604,1793,1563,163.900,5.200,15.873,1,81,0,0.269,0.164,-0.008,0.425,0.539,0.066,0.022
71.069564000,18.933082000,19.169922,43,95.365250,3730,0.0046,-0.253,2.429,0.947,0.009,0.010,-0.005,-0.024,0.121,0.448,0.090,0.003,-0.035,0.286,2.495,0.969,1488,1604,1793,1563,164.438,5.266,15.900,1,81,0,0.269,0.164,-0.009,0.425,0.539,0.066,0.022
71.080101000,18.943619000,19.179932,43,67.976341,3731,0.0005,-0.253,2.429,0.947,0.009,0.011,-0.005,-0.023,0.121,0.448,0.093,-0.011,-0.026,0.286,2.495,0.969,1489,1604,1793,1563,164.977,5.332,15.928,1,81,0,0.269,0.165,-0.009,0.425,0.539,0.066,0.022
71.086224000,18.949742000,19.190063,43,94.984802,3732,-0.0040,-0.253,2.430,0.947,0.009,0.013,-0.005,-0.023,0.121,0.449,0.080,-0.014,-0.014,0.286,2.495,0.969,1489,1603,1793,1563,165.515,5.398,15.956,1,81,0,0.269,0.166,-0.009,0.425,0.538,0.066,0.022
71.095539000,18.959057000,19.200073,43,163.452103,3733,-0.0007,-0.253,2.430,0.947,0.010,0.014,-0.004,-0.023,0.121,0.449,0.043,-0.002,-0.010,0.286,2.495,0.969,1489,1603,1793,1563,166.054,5.464,15.984,1,81,0,0.269,0.166,-0.010,0.425,0.538,0.066,0.022
71.105956000,18.969474000,19.209106,43,107.457558,3734,0.0014,-0.253,2.430,0.947,0.010,0.014,-0.004,-0.025,0.121,0.448,-0.011,0.015,-0.024,0.286,2.495,0.969,1489,1604,1793,1563,166.592,5.529,16.012,1,81,0,0.269,0.167,-0.010,0.426,0.538,0.066,0.022
71.115696000,18.979214000,19.220093,43,96.070709,3735,-0.0013,-0.253,2.430,0.947,0.010,0.014,-0.003,-0.027,0.122,0.448,-0.051,0.025,-0.029,0.286,2.495,0.969,1489,1604,1793,1563,167.130,5.595,16.040,1,81,0,0.269,0.167,-0.010,0.427,0.538,0.065,0.022
71.127223000,18.990741000,19.229980,43,102.743248,3736,0.0016,-0.252,2.430,0.947,0.010,0.014,-0.002,-0.029,0.122,0.447,-0.089,0.027,-0.032,0.286,2.495,0.969,1489,1604,1793,1563,167.668,5.660,16.068,1,81,0,0.269,0.168,-0.010,0.427,0.538,0.065,0.022
71.134664000,18.998182000,19.240112,43,86.813095,3737,-0.0027,-0.252,2.430,0.947,0.011,0.013,-0.002,-0.031,0.122,0.447,-0.127,0.020,-0.030,0.286,2.495,0.969,1489,1604,1793,1563,168.206,5.725,16.096,1,81,0,0.269,0.168,-0.011,0.427,0.538,0.065,0.022
71.144696000,19.008214000,19.250122,43,134.517090,3738,0.0000,-0.252,2.430,0.947,0.011,0.012,-0.002,-0.032,0.122,0.447,-0.119,-0.000,-0.026,0.286,2.495,0.969,1489,1604,1793,1563,168.744,5.790,16.124,1,81,0,0.269,0.169,-0.011,0.427,0.538,0.065,0.022
71.157421000,19.020939000,19.260010,43,99.750626,3739,0.0028,-0.252,2.430,0.947,0.011,0.012,-0.001,-0.032,0.121,0.447,-0.092,-0.012,-0.022,0.286,2.495,0.969,1489,1604,1792,1563,169.282,5.855,16.152,1,81,0,0.269,0.169,-0.011,0.427,0.538,0.065,0.022
71.172896000,19.036414000,19.270142,43,78.622536,3740,0.0053,-0.252,2.431,0.947,0.011,0.011,0.001,-0.033,0.122,0.446,-0.084,0.007,-0.035,0.286,2.495,0.969,1489,1604,1792,1563,169.819,5.920,16.180,1,81,0,0.269,0.170,-0.011,0.428,0.538,0.065,0.022
71.178633000,19.042151000,19.280029,43,64.641243,3741,-0.0042,-0.252,2.431,0.947,0.011,0.010,0.001,-0.033,0.122,0.445,-0.058,0.005,-0.045,0.286,2.495,0.969,1489,1604,1792,1562,170.357,5.985,16.208,1,81,0,0.269,0.170,-0.011,0.428,0.537,0.065,0.022
71.188186000,19.051704000,19.289795,43,174.550537,3742,-0.0002,-0.252,2.431,0.947,0.010,0.010,0.001,-0.033,0.122,0.445,-0.043,0.007,-0.039,0.286,2.495,0.969,1489,1604,1792,1562,170.894,6.050,16.236,1,81,0,0.269,0.171,-0.010,0.429,0.537,0.065,0.022
71.196068000,19.059586000,19.300171,43,104.766891,3743,-0.0025,-0.252,2.431,0.947,0.009,0.010,0.001,-0.033,0.122,0.445,-0.041,0.011,-0.028,0.286,2.495,0.969,1489,1605,1792,1562,171.431,6.114,16.264,1,81,0,0.269,0.171,-0.009,0.431,0.537,0.065,0.022
71.206859000,19.070377000,19.309814,43,126.968002,3744,0.0011,-0.252,2.431,0.947,0.009,0.009,0.002,-0.034,0.123,0.445,-0.047,0.014,-0.011,0.286,2.495,0.969,1488,1605,1791,1562,171.969,6.179,16.292,1,81,0,0.269,0.172,-0.009,0.432,0.537,0.065,0.022
71.218484000,19.082002000,19.320068,43,92.738571,3745,0.0014,-0.252,2.431,0.947,0.007,0.008,0.005,-0.035,0.123,0.445,-0.056,0.028,-0.012,0.286,2.495,0.969,1488,1606,1790,1562,172.506,6.244,16.319,1,81,0,0.269,0.173,-0.007,0.434,0.537,0.065,0.022
71.225493000,19.089011000,19.330078,43,86.080742,3746,-0.0030,-0.252,2.431,0.947,0.007,0.007,0.005,-0.035,0.123,0.445,-0.054,0.018,-0.006,0.286,2.495,0.969,1488,1606,1790,1562,173.043,6.308,16.347,1,81,0,0.269,0.173,-0.007,0.435,0.537,0.065,0.022
71.234497000,19.098015000,19.340088,43,142.795944,3747,-0.0010,-0.251,2.431,0.947,0.007,0.006,0.005,-0.035,0.122,0.445,-0.038,-0.008,-0.004,0.286,2.495,0.969,1488,1606,1790,1562,173.580,6.373,16.374,1,81,0,0.269,0.174,-0.007,0.435,0.537,0.064,0.022
